68.622248,75.641840,11.098192,-56.047333,1.127764,105.607233,-28.876783,-0.700114,-15.686687,33.215915,-29.037308,-20.031449,-14.498466,7.167269,6.345266,7.895628,-141.247837,-29.756863,19.285008
11.110414,170.383673,20.061952,-47.383124,6.890684,89.814694,26.699702,7.973541,-4.614008,40.254749,-28.626780,-60.670222,24.618097,7.506081,-3.989456,-8.608835,-150.748638,-69.537255,-31.073701
-4.495079,177.081346,26.359655,-45.423590,1.995300,73.710689,28.191348,17.349966,4.567224,46.516289,-28.108217,-75.142000,52.761837,19.182040,-3.872877,-22.130465,-158.367727,-73.364706,-36.768826
36.900801,58.315251,13.926604,-49.976623,3.172671,115.008927,25.492180,29.972076,-2.422202,37.922866,-28.972488,26.188495,0.110399,9.864729,0.312306,-8.205081,-145.730739,-91.121569,-30.659510
76.765301,84.702739,15.319448,-43.752224,5.155612,117.200732,47.826276,43.167498,-30.826383,27.688487,-33.617945,69.940383,-60.887114,-7.636179,-15.140230,-25.904326,-127.134997,-60.580392,-82.191760
45.165393,74.029023,8.474861,-48.823957,8.253956,107.072282,16.166857,29.777890,-28.131273,23.823606,-32.602426,42.146715,-40.947112,-1.778653,-1.517983,-4.793774,-141.524559,-41.207843,-13.470588
24.285145,97.627680,4.330510,-57.488167,10.856565,106.991531,23.838178,25.699977,-18.462974,29.566949,-32.429572,2.685878,-10.267201,5.649134,-1.821088,-1.176471,-129.533257,-60.454902,-19.786999
44.727855,110.261418,13.217365,-51.590356,6.952651,101.350515,23.696117,31.886198,-17.026123,35.547799,-29.620691,-42.075669,0.330373,10.477195,-4.304219,-8.715953,-141.561456,-43.011765,-40.462028
35.612497,128.584817,12.815747,-51.475090,11.352300,93.148547,-1.753185,33.263996,-13.819593,33.280690,-29.815152,-21.405707,6.515526,4.639216,-6.396811,-17.590295,-139.753536,-45.725490,-31.401602
16.555322,135.887297,17.797513,-51.359823,4.350042,80.989792,22.884337,16.268070,-13.616648,35.914855,-29.663905,-18.769375,29.586923,13.194202,-4.974548,-12.357977,-151.578805,-43.498039,-47.537789
35.952804,80.637095,13.977874,-45.980713,2.800870,93.379263,45.106813,14.483406,-21.710094,30.819257,-31.738155,25.262974,-1.325902,6.300694,-1.611246,-10.050813,-151.689494,-57.443137,-27.035340
8.849805,107.976593,16.618296,-52.301167,13.707042,105.768734,23.330816,43.084276,-18.422385,33.345464,-33.380270,5.238071,-6.682918,7.362737,-7.795758,-19.625544,-127.337926,-58.133333,-41.462989
33.035889,117.787900,25.248798,-49.861357,18.788327,105.676448,18.084688,22.112154,2.294240,40.859312,-28.065003,-16.413504,12.144274,15.787411,-11.007507,-11.476310,-125.474662,-104.439216,-64.985580
78.588373,101.077317,19.250172,-51.494301,19.593896,96.978439,28.739300,29.010391,-7.617594,33.431830,-31.932616,-12.459007,-11.017700,3.798703,-13.374060,-15.365530,-117.357473,-85.835294,-63.863813
27.299290,118.023102,21.112993,-55.471000,0.074327,95.674891,15.923323,24.747539,-14.858671,33.388647,-35.973083,-16.048905,5.907362,10.802976,-9.730968,-16.477913,-126.083452,-34.980392,-43.223301
30.556512,118.549508,19.925231,-53.127245,8.439857,94.382879,3.340734,17.960266,-11.027070,31.574960,-34.503822,-0.623560,0.498589,5.284260,-8.483574,-10.149691,-141.192493,-46.839216,-24.463905
14.586404,129.996033,16.464485,-54.856245,22.444373,90.299199,23.604791,28.353857,-1.099001,35.958038,-32.451179,-41.570840,45.515633,17.025376,-10.039902,-12.555734,-154.641199,-66.572549,-50.385351
28.320211,102.096529,16.806287,-49.400290,16.123751,97.532158,36.786069,28.806958,-4.833188,36.303502,-32.624033,-17.451209,12.726558,13.057374,-11.782757,-15.686885,-120.954864,-79.843137,-55.873381
21.562692,89.989197,14.558938,-54.683345,16.371618,100.819867,47.846571,43.592859,-15.727276,29.135119,-36.880568,0.021500,-28.615625,0.039200,-12.692073,-15.546807,-128.260334,-30.901961,-40.565576
29.316823,88.712383,11.533989,-52.397223,5.279545,93.333120,13.904021,10.488716,-24.226612,28.573739,-32.213504,34.153582,-27.463996,7.349706,-4.840482,-2.758526,-129.773083,-28.611765,-20.235706
26.010986,112.311040,20.771191,-49.553979,16.433585,83.170062,-13.544289,12.079194,-7.779950,41.053635,-23.894896,-87.538369,33.792309,24.811521,3.891279,0.652781,-125.419318,-53.160784,-14.022843
6.297505,149.517845,24.137942,-58.756100,23.311910,73.929870,26.770733,30.813550,18.797726,43.363928,-28.778027,-173.667887,92.253651,25.932204,-3.861219,-6.260472,-155.231540,-63.278431,-25.205997
58.461662,88.488380,14.439307,-48.747112,4.659876,85.684871,36.471504,33.116045,-24.526970,23.888380,-37.161456,83.037903,-39.057923,-7.290852,-17.932296,-11.558709,-133.776333,-68.000000,-40.082353
1.411673,80.569894,18.976730,-47.440757,12.653605,101.731197,30.616541,27.133257,-37.174502,24.687266,-35.432914,111.280308,-60.214252,-4.430503,-15.425849,-20.704967,-114.313527,-43.356863,-30.452415
48.617075,124.362371,23.967041,-50.187945,23.869612,90.956741,18.906615,3.091142,-15.954574,31.056764,-32.062257,8.884062,-21.485878,-0.612360,-16.393454,-19.749142,-126.009659,-44.941176,-46.226184
94.680018,92.027619,27.393606,-40.889769,27.649592,106.968460,36.329442,34.632547,-10.880949,36.022812,-28.778027,9.473030,4.548699,3.055924,-20.887572,-18.818036,-126.138796,-121.364706,-104.903227
27.250675,69.806577,16.601205,-51.090867,28.826963,101.350515,16.501717,26.559945,-15.288914,33.475013,-29.123735,28.376089,-8.662684,9.161044,-8.629297,-4.398260,-107.948913,-87.450980,-45.207965
-6.026459,152.116274,15.832151,-58.602411,11.971969,71.784207,-7.851682,6.540261,-18.852628,31.078355,-36.210758,23.439979,-7.627512,10.666148,-9.363745,-13.412680,-124.755184,-15.576471,-25.067933
-1.529549,134.498482,18.925460,-52.589334,19.346029,83.158526,13.183566,24.544106,-15.987045,32.654536,-33.747585,-43.618204,26.520226,14.406104,-6.734890,-11.616388,-139.771984,-33.411765,-28.122591
60.697963,59.032059,11.038376,-55.086778,22.382406,101.154406,34.239109,27.937743,-13.486763,29.653315,-33.877226,-59.941024,15.198032,7.460472,-4.700587,-3.186999,-133.573404,-39.796078,-24.998901
58.558892,83.033921,15.071641,-59.274800,11.786069,107.764431,41.068208,27.179492,-4.800717,30.862440,-38.285008,-19.750988,17.216617,11.298161,-14.219257,-25.788968,-117.929366,-54.149020,-69.489906
62.496727,69.862577,10.961471,-61.330388,17.920790,93.194690,31.103609,28.760723,-16.116930,23.996338,-38.393042,3.050477,12.571283,9.734417,-10.208942,-14.821698,-126.544656,-50.352941,-45.760220
5.884276,81.129900,9.876249,-63.654932,7.882155,75.118059,8.678187,16.342046,-12.804868,23.478141,-39.214099,-12.711421,37.091920,17.729061,-0.270588,-10.355688,-124.367773,-10.949020,-8.810941
6.078737,94.222843,9.252461,-59.620600,13.211307,81.220508,13.051652,27.983978,-27.684794,19.548486,-37.550378,36.621637,-14.640803,12.282017,-0.824338,-9.062028,-120.124697,-41.082353,-2.770657
59.652735,88.533181,17.387350,-51.282979,16.805386,84.335180,48.222019,40.689311,-21.239261,22.355383,-34.698283,0.217823,-27.036988,7.069535,-8.687587,-15.629206,-117.394369,-53.349020,-55.838865
-8.700298,130.141634,27.316701,-48.093935,19.841764,90.368414,51.956207,48.900618,-1.439948,30.214694,-32.386358,-59.828840,5.286259,12.523095,-8.413626,-20.111696,-111.749233,-68.282353,-57.443854
3.939666,114.427863,16.302129,-56.085756,11.290333,76.883040,33.346151,44.193912,-22.676112,23.305409,-37.766445,12.165454,-8.623865,14.080323,0.463859,-4.785534,-118.372122,-95.356863,-6.636439
-3.522774,88.029175,13.396811,-61.772244,7.696254,68.415747,4.264134,11.089769,-16.116930,27.105516,-39.624628,-9.345892,51.377295,36.839322,4.625727,-14.393225,-124.626047,-36.564706,-6.757244
49.613687,84.669139,16.985733,-53.415412,19.903731,96.493935,36.806363,39.440970,-8.299489,26.608911,-39.062852,-81.312139,59.917464,20.283177,-4.368338,-16.107118,-147.538659,-70.886275,-29.624033
52.433371,86.069154,12.166323,-56.469978,3.296605,98.293523,45.806973,24.303685,-20.037827,19.915541,-44.594186,26.328725,-8.106279,-0.260517,-10.372152,-29.043717,-91.991257,-41.521569,-66.141863
27.688212,109.298207,14.695659,-58.986633,1.561532,88.349645,32.676432,22.232364,-28.464103,19.785992,-44.767041,25.908034,-28.356832,8.190219,-9.573587,-31.210803,-90.958160,-5.898039,-52.042115
38.407874,128.607218,17.481346,-54.126223,0.446128,81.289723,-10.784237,52.137057,-18.057084,25.982757,-38.198581,-22.162951,-16.128862,10.529320,-5.615732,-17.738613,-108.649943,-37.709804,-25.620188
-32.546075,119.344717,12.721752,-58.506355,4.721843,79.270954,17.293202,77.926848,-18.771450,24.600900,-41.223529,-0.090684,30.518578,11.663035,-6.764034,-26.662394,-110.070451,-47.513725,-35.836896
9.141497,82.630716,8.560311,-66.786343,12.033936,69.234791,57.303807,47.273152,-15.913985,19.267796,-44.334905,-52.144213,45.347417,18.100450,2.877043,-8.913710,-145.730739,-30.870588,-6.947082
27.056214,54.372808,5.167926,-70.724620,9.927062,86.123232,-27.577935,-24.797711,0.329732,27.450980,-35.454520,13.343389,-5.906538,25.645518,10.489647,-3.228199,-96.086748,9.631373,-5.669993
56.833051,57.777646,3.142748,-72.664942,7.014618,85.258045,-8.673610,-17.316915,-24.072374,22.269017,-39.451774,27.422522,-34.205554,18.439261,6.776608,-10.800641,-84.741131,0.407843,6.721218
26.035294,120.879133,20.437934,-63.847044,10.546731,74.275944,32.686580,17.239002,-19.339696,26.889601,-41.309957,-28.052628,8.120043,12.653407,-9.556100,-17.623255,-102.229984,-40.454902,-27.259693
0.536599,120.811933,31.247425,-50.725856,13.335241,82.720165,50.900893,45.266560,13.147738,37.318303,-37.118242,-78.900175,57.407172,15.780896,-20.100664,-25.599451,-120.622797,-57.396078,-77.911788
61.718883,54.227207,9.252461,-68.611398,8.563790,84.923507,25.268940,9.758206,-14.282307,23.175860,-43.816342,38.444633,0.835019,13.513466,-8.745876,-17.334859,-96.584848,-53.678431,-26.569375
61.208423,51.102373,7.620356,-66.171588,2.367102,91.902678,-14.082094,-0.441199,-34.211505,22.031510,-41.158709,73.390051,-3.616220,20.582895,-1.267338,-12.011902,-78.708583,-73.458824,-4.945159
46.234928,84.736339,9.978790,-69.668009,-7.361700,63.005447,11.265736,-13.396201,-17.854139,23.067903,-43.513848,-63.643107,20.076280,28.375555,6.811582,-7.348135,-118.021607,12.658824,34.696361
2.578439,97.302876,8.620127,-79.292775,3.358572,89.099474,45.969329,23.471458,3.244022,21.923552,-49.779812,-6.625422,0.472709,12.164736,-12.254902,-22.674296,-94.555550,-15.325490,-27.604852
34.226963,70.724987,4.723583,-68.841932,11.910002,93.471550,37.800793,50.555825,-8.599847,20.973526,-45.458457,19.233066,16.595514,14.327916,-15.379217,-20.433051,-97.507256,-59.670588,-58.548363
46.696773,82.809918,1.784085,-75.181598,6.023148,74.518196,8.911574,17.007828,-37.815808,15.489281,-46.798077,80.289387,-16.206500,14.243214,-9.888350,-24.190433,-82.804074,-34.619608,-20.132158
-12.881209,137.444114,22.061494,-54.740978,11.538201,81.566583,28.018845,18.126711,-9.013855,32.481804,-34.158114,-4.213458,29.768078,21.794797,-8.775021,-26.110323,-74.465507,-93.019608,-65.347997
31.018357,99.453300,16.028687,-66.978454,5.651347,72.822431,22.732128,-12.545480,11.694652,34.209125,-34.719890,-98.588525,75.587381,36.826291,1.495583,-18.290684,-115.033005,-27.749020,-33.489815
47.012772,64.083314,8.406500,-78.255375,-0.049607,79.859281,2.569543,16.212589,-7.926070,20.390555,-47.316640,50.560540,4.496941,13.950011,-15.338415,-35.256580,-105.790478,19.356863,-36.837858
59.069352,65.035325,6.876936,-70.801465,3.358572,66.985306,16.897459,28.890181,-35.770123,17.238193,-42.800824,53.982162,-33.726787,9.219684,-8.197955,-20.498970,-77.859968,-27.796078,-9.949966
48.082307,70.030579,7.278553,-79.408042,-8.353170,75.037308,20.794003,16.656443,-32.238880,19.742809,-42.563149,7.818311,-2.063462,23.990555,4.421714,-18.422522,-93.872969,-34.886275,18.111467
3.186130,143.391379,17.942779,-64.154421,-3.271885,69.327077,13.741665,19.310323,-10.353292,25.637293,-41.590845,0.077592,29.897475,16.634440,-10.593652,-23.819638,-109.941314,-40.894118,-34.439002
37.824491,123.175158,17.677882,-64.730755,-3.271885,76.825360,37.668879,28.261387,-11.392370,26.285039,-42.757610,23.692393,-0.226032,8.600702,-18.386954,-34.992905,-85.386816,-48.784314,-69.973129
35.563882,80.659495,19.660334,-60.715633,0.508095,100.958297,14.218585,43.657588,-18.544152,30.020371,-39.062852,45.400061,-8.132158,21.032471,-12.429770,-41.106889,-93.946761,-37.866667,-79.758389
19.788235,110.843824,18.626383,-58.275822,9.369360,57.664363,13.153124,38.220371,-10.280232,29.934005,-36.880568,-88.407797,53.033570,25.391409,-9.783429,-22.138705,-102.303777,-23.027451,-24.791806
-17.985809,119.960723,10.739300,-69.610376,7.448386,50.685191,27.755016,14.252232,-1.935134,26.004349,-41.050675,-65.942885,61.832532,24.785458,-5.254337,-16.403754,-108.059602,-16.329412,-0.768734
55.812131,65.606531,2.664225,-74.048142,18.168658,87.911284,-8.430076,-0.561410,-19.721233,20.325780,-40.251225,78.101793,-29.068513,13.402701,-5.481666,-9.037308,-91.105745,-39.717647,-24.498421
87.582193,41.985473,7.663081,-65.441566,13.954910,93.425406,5.045472,24.349920,-26.288533,21.901961,-36.275578,1.423804,-28.007462,15.077211,-4.397482,-13.725795,-79.889265,-21.709804,-36.596246
48.398306,71.598596,10.952926,-67.919799,8.006088,83.781460,31.580529,11.487388,-17.675547,24.600900,-37.896086,-9.177615,21.046754,21.540688,1.437293,-15.662165,-87.785077,-56.784314,-41.445731
63.007187,76.022644,12.961013,-66.997665,2.429068,71.818814,14.096818,15.241657,-19.761822,20.757610,-42.411902,42.034531,-2.606928,18.341527,-6.985534,-14.014191,-78.966857,-79.200000,-25.654704
-33.421149,144.276188,20.976272,-60.754055,-3.705653,55.403342,7.764935,10.359258,-2.332906,28.940795,-39.689448,-61.960342,39.511635,30.805875,-5.977127,-18.422522,-102.967910,-4.627451,-4.099519
-5.540307,136.783307,23.044175,-68.918776,3.668406,70.330694,30.718013,5.171710,33.734478,30.581750,-43.297780,-81.957198,74.228717,15.826505,-19.447822,-36.039368,-86.438361,-20.141176,-62.207050
43.245090,87.088365,6.159152,-79.945953,0.508095,72.107210,-6.887694,17.396201,-11.814496,17.799573,-48.353765,12.810513,47.896529,25.860533,-15.192691,-34.523232,-72.085695,-27.968627,-34.007553
-25.569787,129.436027,1.604639,-85.459541,1.375631,32.862348,8.079500,18.145205,-16.027634,19.721218,-43.124926,-67.429328,43.548806,36.226856,9.370489,-6.919661,-106.011856,0.266667,49.969650
4.134127,101.323720,8.876478,-72.645731,5.961181,38.722545,34.756619,30.147768,9.746380,23.909972,-40.424079,-31.558389,10.759731,21.827375,1.617990,-11.772946,-81.328222,-49.678431,-4.254841
94.801556,47.831937,-3.035325,-81.156252,-9.964309,87.738247,24.792020,23.046098,-35.607767,12.747158,-51.486748,112.177783,-16.439414,18.765042,-12.808652,-40.414740,-51.110140,-65.960784,-53.819684
68.354864,59.704067,4.527047,-60.984588,-4.821057,97.324514,14.035935,29.371023,-23.942489,15.856336,-44.572580,-17.170748,-38.152148,15.220554,-4.519890,-30.271458,-74.354818,16.094118,-21.564569
-28.000549,72.192203,10.747845,-63.001755,6.271015,60.813642,-36.030594,-21.061936,8.130938,31.359045,-31.284413,-24.378592,15.159213,35.177844,16.073777,-7.916686,-73.174136,12.737255,16.247608
2.578439,116.869490,12.696117,-84.460563,-1.722713,58.195010,-27.557641,-27.137194,11.443000,28.983978,-41.785306,41.697978,28.254139,24.166476,-4.980377,-29.612268,-54.190982,-18.949020,-34.335454
-4.324926,145.441001,22.240940,-61.656977,8.501823,57.133715,-0.241245,0.677684,0.695033,28.724880,-40.510506,-22.106859,61.573739,29.444114,-14.003586,-27.741817,-72.473106,-35.811765,-75.443900
-66.041978,126.915999,28.572824,-55.336522,7.572320,55.080339,33.467918,-34.118654,27.313298,40.988861,-32.040650,-164.524865,224.212207,59.891524,6.566766,-14.516823,-125.954314,-62.792157,-55.131289
18.208240,99.834104,8.688487,-70.839887,-0.793210,53.465324,25.786450,-6.775372,13.967636,19.570077,-46.862898,-75.478553,86.262593,29.014084,-7.521798,-24.132753,-108.280980,-4.015686,-10.001740
87.679423,62.145693,-5.863737,-95.622217,3.792340,55.830167,-1.661860,42.584939,-43.482033,-1.308919,-57.644678,108.503746,-64.652552,3.896437,-19.360388,-28.574044,-63.046098,16.737255,0.197711
32.087892,117.687098,15.259632,-74.470787,3.854307,50.950515,22.214618,37.739528,-21.523384,17.346151,-43.902770,-18.909606,-16.284138,18.647761,-9.293797,-22.443580,-46.608789,-36.360784,-25.844541
31.869123,116.914290,15.943236,-68.784298,6.642817,51.308125,30.230945,35.797665,9.161898,21.081483,-45.782559,-6.260822,-4.185565,22.426810,-11.683665,-35.981689,-59.282673,-61.725490,-47.572305
-57.801694,90.627604,15.182727,-72.818631,13.273274,70.215335,-10.337758,25.394827,-2.925505,21.318990,-41.526024,19.962264,-4.599634,27.899916,1.157504,-19.032273,-65.794873,9.113725,-19.234745
-88.429297,127.744808,11.132372,-75.681086,10.546731,41.571893,-16.081102,-1.495354,4.055802,23.802014,-42.627970,-30.941375,62.388937,33.607584,-4.251759,-13.577478,-63.285924,23.450980,-1.855985
47.401694,94.805249,2.963302,-95.756695,5.589380,45.563287,-13.726940,9.952392,10.030503,16.504082,-50.860151,-48.077531,79.831586,30.740719,-3.085969,-30.864729,-90.589197,-5.145098,-5.152255
28.368826,89.507591,24.975357,-48.286046,1.127764,78.094301,2.123064,-27.405356,6.669734,32.244297,-27.481621,-164.188312,33.559396,38.324880,13.509041,-11.426871,-65.056947,-1.223529,-3.305653
63.007187,72.304204,11.004196,-64.231266,-6.927932,63.639918,47.816129,24.627329,-26.873014,12.768750,-48.764294,2.377371,56.100267,14.582025,-21.371374,-42.384070,-81.272877,-41.427451,-34.870451
28.222980,60.969680,14.020600,-77.141131,11.971969,72.810895,23.716411,84.150057,-16.506584,14.215381,-50.255161,45.175692,37.195438,13.239811,-25.667308,-49.297322,-75.646189,-29.082353,-82.019181
11.426413,112.322240,31.375601,-56.143389,17.425055,78.451911,24.568780,8.657816,32.557397,31.812467,-34.676677,-65.381964,28.111803,26.010391,-18.147967,-31.639277,-56.312520,-56.470588,-83.779492
13.784253,132.415259,0.331426,-90.838651,5.031678,9.640742,-6.451362,-18.777935,-22.099748,9.508431,-46.733257,20.831693,40.896178,31.841855,0.055833,-8.790112,-77.472557,-43.717647,50.659968
-89.182834,122.256748,21.189899,-70.705409,12.901472,22.999222,13.579309,44.304875,27.629892,30.495384,-32.019043,-209.398596,82.510094,44.592889,9.650278,-13.157244,-90.257130,28.203922,44.498878
31.237125,78.654673,23.360342,-66.747921,8.873625,59.660060,15.943618,54.236118,34.651789,22.700847,-39.646235,-92.109880,14.809842,19.703288,-12.645441,-28.689403,-64.651087,-24.988235,-34.231907
66.993637,74.051423,12.328679,-70.129076,14.760479,58.102724,-24.706264,5.254932,-46.729152,7.003815,-47.057359,212.722988,-36.508812,7.447440,-25.865492,-32.133669,-33.363012,-50.023529,-91.977020
-4.908309,108.648600,18.070954,-72.857053,15.318181,38.376471,8.444800,33.763333,-34.487510,11.926680,-45.544884,83.093996,-3.396246,13.474372,-20.182269,-38.651408,-68.728130,-4.611765,-37.631724
-38.331289,139.975341,14.362402,-75.546609,0.879896,4.092012,10.565576,30.591623,-1.829603,15.791562,-42.844038,-93.343908,43.885237,33.796536,3.471595,-12.943008,-78.173587,12.141176,33.574594
7.196887,119.075914,16.208133,-70.301976,15.751949,19.042435,29.875792,40.476631,19.585153,19.030289,-42.152621,-142.508690,98.619959,29.795956,-7.877363,-27.609979,-97.193637,-4.580392,-22.323919
50.974914,49.803159,9.773709,-64.019944,12.529671,43.521447,12.960327,-8.476814,-18.243793,13.071031,-38.954818,5.714855,31.721965,26.688014,-2.479759,-28.145571,-53.969604,-38.572549,-3.771618
33.522042,75.238636,16.917372,-51.321401,15.813916,54.353582,33.437476,-19.684138,-28.106920,14.344930,-35.368093,18.896513,-14.382010,22.915480,-0.311391,-21.644312,-40.410208,-45.631373,-28.467750
43.755550,54.697612,8.209964,-73.856031,31.553506,61.171252,8.942016,35.261341,-28.317983,9.594797,-41.482811,7.874403,15.249790,14.647181,-14.376638,-22.385901,-69.263127,-2.274510,-38.874296
-217.405539,107.931792,28.666819,-61.829877,37.502327,33.704463,-38.892119,5.569329,21.111299,35.785306,-21.474937,-11.729808,72.740658,39.966812,6.386069,0.446784,-40.465553,14.823529,-12.780270
-131.891325,125.773587,28.000305,-64.538643,33.536446,9.709957,4.132219,34.688029,17.515114,23.909972,-32.386358,8.603601,6.256733,13.448310,-4.601495,-8.394598,-64.540398,7.623529,-6.739986
141.836805,37.875029,0.955215,-84.172396,9.927062,42.575509,24.426719,17.414694,-48.450126,-3.122606,-53.344930,9.501076,-10.435416,7.675486,-17.320256,-32.059510,-71.200183,11.639216,16.385672
-13.440284,92.419623,17.071183,-71.243320,4.783810,35.227192,-14.102388,30.452918,-6.521691,13.394903,-40.769787,-70.935088,40.378592,25.143816,1.518898,-10.718242,-87.674388,6.886275,48.226596
4.693202,132.012055,33.460594,-61.023011,6.271015,60.952071,-17.126268,77.566217,10.184741,20.887160,-42.692790,-11.084749,39.214023,11.793347,-25.894636,-40.661936,-75.996704,-42.682353,-79.775647
37.241108,164.358007,43.389944,-52.358801,23.559777,71.242023,59.292668,63.520073,-6.359335,24.363394,-38.393042,-31.866896,27.024872,13.194202,-33.822004,-58.937972,-69.207782,-118.494118,-117.639597
50.829068,143.783383,34.058747,-53.722789,1.933333,63.674525,25.137026,50.204440,-15.175265,12.228962,-45.307210,15.026154,0.291554,7.278035,-26.430900,-42.202792,-98.097597,-70.101961,-53.284688
-14.072282,133.546471,26.889448,-69.437476,7.758221,95.547997,2.853666,13.327535,2.383536,15.294957,-47.748775,-51.471107,23.091218,15.083726,-21.581216,-38.643168,-71.384665,9.756863,-31.073701
-95.284047,155.554711,27.803769,-69.072465,16.557519,58.933303,40.225986,40.550607,16.484154,22.722438,-41.914946,-142.312367,63.851118,29.496239,-5.470008,-30.452735,-114.922316,0.972549,26.360769
96.284321,106.218173,18.207675,-74.912642,2.057267,38.341863,27.196918,51.600732,-16.709529,8.558404,-55.246326,-33.100923,80.789120,12.236408,-27.876478,-43.224537,-123.961913,-24.909804,-41.428473
64.028107,77.109056,17.618067,-80.138064,24.365347,93.644587,28.840772,17.183520,-24.543206,8.234531,-52.134951,78.129839,19.416358,3.779156,-32.871885,-41.461204,-79.686336,-38.760784,-82.640467
21.392538,125.493584,21.617151,-71.339376,19.407996,86.780774,-18.069963,24.183474,-13.600412,11.926680,-46.236301,22.963195,-6.035935,11.454536,-16.102007,-25.945525,-88.873518,-25.003922,-33.904005
-54.641703,159.217151,29.888762,-73.260487,32.359075,38.618723,-27.496757,-1.754269,11.694652,21.642863,-40.186404,-24.042039,22.664210,18.113481,-8.320363,-6.309911,-88.578347,-14.933333,5.444129
-26.080247,151.500267,31.503777,-69.936965,4.102174,65.647150,46.781109,34.540078,19.422797,16.892729,-52.545480,-63.839429,63.100618,18.276371,-23.883650,-51.414969,-109.277180,-33.882353,-20.856992
110.528588,67.264149,10.841840,-80.503075,-0.669276,96.782330,42.559854,38.775189,-29.852247,-3.597620,-60.388739,-18.348684,26.403769,0.684245,-25.527413,-26.926070,-99.112245,-39.670588,-9.087068
-19.711650,65.371328,24.437018,-62.598322,20.585367,101.961913,40.337606,30.184756,-27.262669,4.088960,-50.082307,94.088060,-14.291432,-1.596216,-28.605097,-32.990616,-71.476905,-20.800000,-51.507118
75.501305,135.495293,34.998703,-54.952300,13.087373,93.483085,52.098268,39.394736,-4.638361,11.322118,-49.412497,-62.072526,-11.147097,-2.006699,-37.051240,-62.011444,-69.890364,-20.172549,-81.932891
92.200641,89.899596,14.746929,-79.062242,21.638804,73.837583,13.802548,-12.637949,-5.409552,6.744717,-51.249073,-6.260822,34.271077,3.388220,-23.394018,-29.917144,-94.740032,-10.447059,-37.321080
15.267018,106.565377,20.412299,-72.395987,33.722347,64.285924,-8.085069,24.201968,5.931014,16.115435,-44.248478,-139.059022,110.278584,28.316915,-9.148074,-24.676585,-119.460563,-2.650980,-5.255802
31.917739,129.794430,19.215991,-80.848875,39.175433,68.634928,-17.542306,-1.402884,-4.695186,12.185779,-45.328817,-42.832914,12.972412,15.891661,-19.016480,-9.778897,-82.970108,-19.843137,-5.428382
81.456672,88.152377,18.925460,-79.715419,20.523400,77.482902,-9.434653,-9.188830,-13.519234,4.628748,-52.502266,133.352575,-35.396002,0.638636,-32.341451,-35.544976,-61.127489,-39.372549,-56.926116
123.338705,69.000168,16.037232,-81.386786,19.903731,67.862028,2.457923,19.680201,-36.874144,1.109331,-52.134951,15.390753,-11.897597,8.079454,-19.960769,-23.951476,-76.070497,-42.854902,2.372213
71.660700,107.147784,29.700771,-68.361654,21.328969,73.699153,-9.739071,7.918059,-19.761822,9.659571,-48.785901,33.620706,-10.098985,6.463584,-27.060426,-29.348592,-77.952209,-27.184314,-42.774594
91.836027,107.674189,42.390173,-55.432578,21.267002,92.018036,20.367819,24.627329,-5.937209,15.726787,-46.365942,-27.183200,-7.485176,-1.830777,-36.544121,-39.623713,-69.023301,-46.839216,-79.516777
-58.919844,151.545068,35.725032,-72.722576,21.390936,69.130968,35.375601,36.583658,-11.286839,12.315328,-52.675120,33.704845,20.994995,6.900130,-37.202792,-37.283589,-84.667338,-29.270588,-39.512840
-7.193225,135.954498,27.402152,-78.466697,18.230625,65.543328,9.855268,28.880934,-10.515648,5.276493,-57.061295,-5.784039,33.520577,6.730724,-31.344701,-34.037079,-103.410666,3.874510,-7.292241
98.909545,72.248203,9.816434,-88.975174,14.140810,36.980636,-6.420920,0.455756,-40.697627,-7.613642,-58.984298,17.213748,-16.542931,5.851118,-18.247059,-11.039597,-84.814923,16.925490,60.911192
-52.770016,133.490471,46.876326,-53.011978,29.508598,52.692424,2.782635,71.953307,8.731655,25.313420,-34.849531,-109.217990,21.745495,25.847501,-16.323507,-32.034791,-71.661387,-2.478431,-46.467796
22.437766,153.426688,39.766842,-52.992767,24.117479,67.354452,40.915999,87.497459,1.993881,14.258564,-44.875074,-95.952193,29.289311,4.782559,-29.415320,-31.433280,-100.163790,-75.372549,-55.510964
125.842390,96.250065,17.412985,-68.304021,19.779797,60.479103,27.765164,40.236210,-45.081239,-2.194171,-58.552163,20.887785,6.321431,4.326467,-35.069398,-30.189059,-82.269078,-69.427451,-28.088075
35.685420,107.998993,26.351110,-72.722576,33.536446,66.500801,11.123674,17.562646,-24.608148,15.726787,-46.344335,-31.586435,6.386130,20.752300,-24.215900,-28.318608,-70.554498,-11.294118,-31.867567
-65.239826,152.810681,20.010681,-83.519219,21.390936,29.320851,15.324636,7.187549,-6.489220,10.955062,-51.983703,25.319066,22.056046,9.760479,-18.293690,-15.027695,-104.812726,-2.117647,33.471046
82.185901,76.773053,29.854582,-63.904677,25.790585,62.255619,36.684596,16.684184,0.240436,14.755169,-48.526619,-53.350195,17.410712,9.571527,-27.375189,-32.034791,-85.423713,-24.094118,-37.390112
147.281712,39.028641,19.933776,-74.163409,26.286320,76.594644,2.772488,6.984115,-28.512810,8.212940,-49.326070,29.049195,-7.886305,8.737530,-27.445136,-24.437629,-76.531701,-19.858824,-56.598215
42.005402,63.332906,21.130083,-76.334264,25.108949,66.789197,-10.540703,24.109499,-32.847715,10.372091,-47.791989,48.316854,6.619043,15.429053,-17.052125,-22.608377,-81.734081,-15.592157,-18.561685
116.508263,66.536141,23.197986,-72.530465,19.593896,53.926757,5.451362,49.215015,-36.460136,3.398032,-54.079561,3.022431,-0.821256,12.399298,-26.897215,-38.214694,-75.203433,-33.192157,-15.731380
67.066560,94.536446,28.025940,-64.961288,36.324956,51.931060,5.431067,49.325978,-33.553964,2.232090,-50.298375,18.167315,-14.731380,3.609751,-31.455451,-22.872053,-74.299474,-26.415686,-37.890593
-14.169512,138.362524,24.172122,-77.352453,37.254459,25.352529,26.182193,-17.714534,-19.461463,7.133364,-47.186999,4.508873,-0.782437,16.406394,-18.789151,-9.127947,-63.894713,13.803922,-24.601968
51.145068,167.270039,28.034485,-71.108843,27.525658,30.635935,-39.257420,11.921996,-14.501488,13.654002,-46.063447,-87.398138,71.045563,30.629953,-17.209506,-19.683223,-85.921813,-28.674510,-21.996017
-23.236255,206.582467,24.078126,-72.876265,29.198764,9.479240,-41.236133,22.740948,-3.493751,19.116655,-44.896681,-178.688136,123.153536,37.595132,-7.894850,-13.355001,-115.789380,6.274510,23.323369
44.460472,97.190875,7.090562,-84.633463,27.215824,9.906065,-5.507668,-6.571939,-25.996292,2.426413,-57.687892,68.706355,14.124041,11.812894,-21.569558,-21.693751,-79.059098,28.470588,-8.569329
162.789975,23.919677,20.044862,-68.630610,36.572824,96.332433,30.312123,44.156924,-45.746899,-1.006638,-56.413092,143.140658,-76.039445,-12.184070,-40.181384,-39.112840,-56.939757,-59.168627,-101.762280
63.396109,64.217716,17.994049,-74.163409,26.782055,63.812955,37.191958,31.201923,-29.722362,2.901427,-54.057954,-20.928923,-13.100984,8.333562,-23.195834,-22.336461,-66.422110,0.345098,-12.141726
62.229343,65.886534,23.881590,-67.016876,38.803632,43.521447,-37.725185,28.557290,-22.018570,4.758297,-50.816938,31.629435,-39.588449,6.606928,-18.631769,-14.516823,-52.493751,-12.549020,9.620554
27.906981,137.600916,28.384833,-71.320165,24.117479,27.625086,-21.753414,23.795102,-47.183749,5.038987,-53.150469,30.844144,52.541863,17.852857,-11.269810,-18.348363,-93.079698,-54.400000,-5.117739
6.200275,152.485878,45.876555,-61.138277,11.228367,38.226505,59.089723,81.459190,-11.368017,12.833524,-58.789837,-125.372534,145.875563,19.572976,-37.179477,-55.172351,-116.453513,-21.803922,-85.505287
79.439139,83.213123,34.075837,-64.807599,42.087877,58.171939,42.620737,55.318013,-4.938720,1.972992,-56.672374,-9.906813,-3.810315,-5.179797,-44.593896,-43.232776,-70.462257,-2.917647,-90.302998
95.603708,47.406332,4.826123,-84.422141,44.504585,9.283131,-50.003357,-53.398581,-58.589258,-9.189822,-50.644083,73.979019,-47.416938,19.025666,4.643214,7.252918,-59.706981,36.454902,70.454841
48.398306,101.861326,29.444419,-73.010742,30.066300,22.249393,-18.303349,-4.389654,-32.368765,2.080949,-49.844633,24.085039,-37.116976,13.761059,-9.585245,-13.907073,-61.238178,13.694118,14.228428
131.943603,74.779431,38.288548,-57.814755,33.908248,54.238224,-2.219959,48.928359,-18.876982,7.306096,-48.634653,64.611627,-27.399298,-3.277241,-37.564187,-30.840009,-59.467155,-66.258824,-101.555184
48.398306,167.852445,37.895476,-64.115999,26.596155,-7.882170,-11.332189,61.152850,-22.529992,9.983444,-50.319982,-14.310048,3.694682,6.730724,-25.305913,-24.552987,-91.161089,-20.360784,-30.348867
-15.409201,209.427298,38.647440,-72.568887,11.290333,11.221149,37.963149,6.900893,-18.316854,7.889067,-58.962692,14.857877,18.549401,5.212589,-30.167254,-37.934539,-75.904463,-29.552941,-22.996979
116.702724,31.188556,19.344167,-77.448508,19.098161,73.791440,-10.672618,13.965576,-41.127871,2.901427,-57.817533,58.581720,29.832776,14.223667,-22.828611,-31.276722,-68.211582,-44.956863,-25.154223
1.581827,47.563134,16.003052,-82.059174,24.985016,45.078782,7.775082,76.234653,-30.258137,1.649119,-60.648020,0.273915,54.547509,15.904692,-21.301427,-27.502861,-107.284779,19.325490,18.232273
98.399084,56.097627,17.541161,-86.977218,22.444373,54.365118,-21.570764,-4.935225,-22.026688,7.608377,-57.817533,-0.006546,25.549752,12.744625,-15.723125,-18.760357,-56.921309,-18.431373,8.464271
100.416617,118.191104,23.838865,-82.232074,29.632532,31.328084,-69.962997,13.318288,-41.639292,6.571984,-54.446876,16.961334,-24.280842,8.190219,-14.458244,-16.403754,-55.168734,10.337255,-0.078416
71.709316,143.066575,36.357366,-67.785321,32.049241,27.913481,29.003128,57.740719,-29.219059,2.987793,-57.644678,-7.130251,-8.649744,1.381415,-33.926925,-34.638590,-86.659739,-26.854902,-49.591485
122.998398,93.371633,39.519036,-71.012787,30.128267,69.188647,30.697719,44.008972,-22.034806,5.341268,-52.977615,-1.240574,-1.092988,-1.993668,-33.583017,-39.384756,-62.308171,-52.454902,-97.016342
44.022934,132.247257,37.357137,-66.094743,38.865599,36.934493,19.576333,24.803021,-32.888304,1.195697,-53.496178,-12.234638,35.603861,7.317128,-27.526741,-36.533761,-102.543603,-5.568627,-40.962509
93.683406,66.289738,23.309071,-79.062242,29.074830,28.397986,-9.607156,-23.928496,-43.173556,-2.280537,-54.295628,23.804578,35.565042,26.003876,-8.122179,-18.249485,-100.089998,-11.890196,24.704005
103.600916,98.277287,27.051804,-74.662898,28.455161,29.228565,-41.530404,26.134585,-50.333455,-2.453269,-53.906706,42.651545,-6.372366,10.900710,-20.386282,-23.292287,-68.414511,-4.407843,-20.425544
35.442344,84.064332,23.317617,-78.505119,34.837751,4.957198,6.983597,30.887526,-39.195834,-4.698787,-53.625818,-41.178195,4.238148,10.151415,-9.014008,-0.698558,-89.150240,39.623529,41.685832
23.653147,77.568261,30.546731,-78.505119,32.854810,30.186038,25.766155,51.804166,-36.143542,-3.165789,-53.604211,12.193500,-0.743618,7.668971,-16.113664,-22.624857,-93.706935,7.168627,5.306065
118.695949,82.608316,36.827344,-67.285832,36.572824,31.535729,26.892500,67.052415,-40.746334,-0.445258,-53.755459,22.009628,-30.349538,5.166979,-33.822004,-45.902495,-80.368917,-28.172549,-46.398764
47.377386,100.909316,34.383459,-73.298909,34.342016,19.642298,20.885328,66.756512,-39.853376,0.677501,-52.653513,7.734173,-15.546578,12.262470,-18.083848,-22.048066,-68.137789,-39.592157,-15.627832
21.003616,227.739498,53.831998,-57.987655,42.769512,0.861982,-14.447395,48.780407,-24.600031,10.760739,-46.452369,-49.535927,-1.765850,13.031312,-22.735348,-28.755322,-78.284276,-37.505882,-56.632731
4.790433,121.931945,35.391775,-67.612421,45.805890,-11.504417,-34.407034,5.365896,-29.430121,6.874266,-43.881163,-62.352987,46.317891,27.333059,-0.614496,-11.138476,-93.780728,48.250980,12.813275
8.193500,89.944396,25.214618,-69.725643,23.002075,12.363195,-12.905013,-4.741039,-33.480903,-1.805524,-49.606958,-47.684886,63.113558,26.323140,6.735805,-4.085145,-116.896269,40.094118,46.034836
160.091829,63.512108,29.230793,-69.840909,21.700771,44.086702,35.710460,-32.112062,-43.279088,-3.489662,-53.258503,29.021149,-28.861479,9.480308,-15.839704,-16.362554,-110.586999,1.207843,-20.252964
167.359808,40.294255,33.093156,-67.228199,41.592142,38.422614,56.187610,52.460700,-49.797681,-3.360113,-53.820279,68.986816,-42.111681,-2.475822,-34.422385,-39.112840,-63.525750,-72.392157,-70.042161
60.625040,95.947662,37.587854,-63.558877,35.829221,18.569467,8.252003,115.525017,-40.372915,-0.941863,-51.897276,-11.617624,-39.446113,3.883406,-20.666072,-25.261616,-76.734630,-36.784314,-8.793683
23.847608,114.114260,29.948577,-82.789197,35.767254,52.888533,18.602197,107.082536,-46.647974,-8.865949,-59.934997,18.784329,-47.960403,-8.339864,-23.959426,-29.200275,-85.589746,13.756863,-21.409247
42.248478,174.370916,29.871672,-85.478752,39.857069,4.184298,-26.319677,10.507210,-30.379904,-4.202182,-54.382055,-23.144564,2.775967,6.717693,-14.662257,-15.670405,-75.609293,13.474510,5.944610
53.867521,96.440467,25.624781,-81.867063,31.429572,-19.810208,-27.689555,3.710689,-47.281163,-6.274968,-52.286198,28.235859,29.354009,18.335012,-3.721324,-4.867933,-88.928862,17.647059,28.241886
26.886061,88.566781,37.904021,-72.722576,31.863340,41.329641,36.420768,60.533303,-0.457694,5.298085,-48.310552,-171.452247,55.440345,25.547784,-3.721324,-27.832456,-76.476356,4.125490,-12.883818
-49.172488,114.159060,33.819486,-66.882399,21.514870,34.731151,20.388113,19.088396,3.227787,2.383230,-48.461799,-121.586313,11.561990,30.994827,1.798688,-5.461204,-82.601144,23.545098,57.097185
122.220554,77.646662,23.633783,-76.641642,17.177188,39.633875,18.886320,45.072374,-77.990799,-19.359426,-64.126711,150.180224,-43.819715,-6.456855,-29.263767,-39.434195,-84.169238,-31.701961,-21.391989
148.521401,126.490394,35.494316,-75.853986,24.675181,44.917281,15.933471,69.761776,-38.440879,-3.403296,-57.385397,-27.772168,24.669856,1.980850,-33.454780,-54.257725,-95.164340,-32.894118,-73.683589
49.370611,145.485801,30.333104,-80.157275,36.696757,-4.732891,-4.239261,43.287709,-19.112398,1.368429,-54.857404,42.932006,29.379889,13.194202,-23.155032,-24.643626,-90.238682,-51.858824,-38.943328
99.736004,149.607446,29.828946,-87.323018,44.690486,0.850446,-5.020600,15.768734,-18.812039,2.188907,-52.934401,34.966918,-44.945464,5.473213,-21.721111,-20.235294,-43.915358,-30.541176,-57.599176
134.325750,78.497871,16.285039,-100.655528,24.055512,36.300023,6.425498,22.223117,-18.633448,-9.535286,-61.512291,-76.488212,-32.484581,6.339788,-15.967941,-19.337148,-59.135088,55.717647,13.727947
140.135271,18.913222,6.073701,-108.685771,13.892943,25.940856,-28.267948,25.431815,-50.268513,-19.791257,-66.373816,79.868696,-21.744671,8.027329,-10.273060,-24.396429,-61.293523,37.192157,35.731838
107.222751,59.032059,20.779736,-92.241062,28.455161,19.711513,4.801938,61.735409,-53.588693,-16.768444,-61.231403,62.143572,-37.336950,3.153658,-20.910887,-27.329824,-72.602243,14.462745,0.629160
165.609659,62.683299,21.890593,-92.375540,20.213565,36.530739,20.185168,56.705058,-57.428412,-20.244678,-64.450813,39.959121,-35.525399,-4.775830,-25.713939,-28.969558,-70.941909,-4.549020,-18.717006
135.638361,62.526497,31.401236,-78.197742,12.343771,58.887160,35.253834,85.564843,-54.481651,-14.436561,-60.107851,73.558328,-21.459998,-1.700465,-34.533135,-47.443351,-55.279423,-51.294118,-76.151476
80.994827,112.971847,37.246052,-74.931853,36.572824,22.307073,-15.969482,64.842390,-38.018753,-6.836347,-54.641337,-84.789853,74.151080,18.856260,-20.269703,-28.087892,-101.584298,4.015686,-26.759213
69.011170,128.596017,30.239109,-87.361440,29.446632,-10.443122,-47.304189,-55.580865,-14.412192,1.757076,-47.511101,-29.286656,62.440696,35.438468,6.811582,-4.843214,-63.728679,-11.874510,8.688624
40.376791,101.693324,32.964981,-76.852964,21.886671,9.052415,-7.374762,18.977432,-28.009506,-4.655604,-46.538796,26.076310,-32.691615,14.158511,0.341451,-11.591669,-45.981552,-32.956863,21.235157
50.877684,181.258991,32.580453,-88.802274,29.322698,-11.792813,-17.511864,66.867475,-46.014786,-13.119478,-56.823621,-64.596674,4.160510,4.267826,-10.780179,-17.994049,-85.442161,40.501961,3.183337
140.572808,100.651713,16.601205,-104.094316,29.818433,6.214603,-17.095827,26.143832,-44.383108,-16.228656,-62.376562,57.572061,-21.848188,2.274052,-22.408927,-28.450446,-58.157336,20.172549,-24.843580
170.009339,80.200290,17.994049,-95.641428,33.536446,38.964797,-13.676204,43.962737,-52.971740,-15.278630,-62.462989,55.356420,-17.409888,-10.907012,-31.781872,-31.004807,-53.877363,-19.121569,-35.785122
126.960540,155.274708,28.948806,-95.987228,20.647333,22.053285,28.871214,37.970703,-21.823743,-8.110246,-64.926162,3.246799,15.909712,-5.401328,-37.412634,-39.813230,-57.511650,-47.623529,-61.137057
149.007553,57.363241,10.397498,-108.666560,14.450645,27.705837,-23.498741,36.888808,-43.920394,-24.411841,-71.429801,89.011719,-44.479637,-9.649500,-24.851255,-25.805447,-50.427558,26.337255,16.075029
110.479973,103.966949,11.918517,-104.382483,13.583108,2.730785,-19.013657,10.553445,-62.713100,-25.081178,-68.448066,-24.378592,0.899718,1.635523,-8.710903,-15.711604,-62.068345,60.784314,74.061753
77.494530,120.946334,26.932174,-92.433173,17.053254,-11.181415,2.011444,8.472877,-16.449760,-9.600061,-60.043030,-85.631235,75.574441,13.774090,-9.550271,-20.878004,-73.561547,1.192157,35.990707
100.100618,117.955901,40.552987,-73.702342,29.322698,34.073610,21.047684,103.429984,-19.355932,-13.767224,-65.704005,75.241093,36.263783,-24.159747,-50.026474,-49.618677,-65.093843,-68.627451,-127.821790
164.224125,76.067445,29.709316,-79.811475,33.350546,33.589105,12.605173,71.296773,-50.008743,-22.576562,-65.833646,96.303700,-50.923583,-24.335668,-43.690410,-43.842527,-48.859464,-15.545098,-71.595377
214.030442,25.868498,5.253376,-105.996216,22.010605,13.932067,-25.720989,29.426505,-71.934920,-35.250782,-70.846418,78.606622,-59.554330,-11.812680,-22.368124,-24.371710,-39.561593,49.976471,28.397208
161.696132,72.438605,22.104219,-89.301762,21.700771,9.502312,-15.705653,29.121355,-56.722164,-24.973220,-64.796521,53.701701,-39.976638,-8.098787,-12.925231,-19.592584,-41.387961,-25.741176,29.070268
10.308263,134.341680,34.605631,-78.620386,30.562036,-17.710689,-1.306706,27.216480,-22.846586,-9.729610,-54.879011,-33.493568,-8.805020,7.063020,1.431464,-5.897917,-72.325521,7.639216,52.558343
91.325566,157.996338,22.018769,-100.482628,32.235142,-11.850492,14.188144,69.697047,-24.526970,-22.058366,-71.148913,21.981582,-7.588693,-18.237064,-34.900359,-35.281300,-44.782422,8.298039,-46.795697
189.163745,61.182483,21.907683,-89.263340,34.837751,23.645228,10.464103,49.390707,-40.738216,-17.804837,-67.735042,6.163592,39.369299,-9.447517,-31.029938,-41.354086,-50.113939,-25.898039,-62.621241
87.679423,173.071702,46.235447,-76.142153,24.737148,3.169146,10.849699,63.325887,-5.222843,-0.639582,-58.573770,-102.038193,116.256703,8.685405,-25.061097,-33.097734,-94.075898,-76.423529,-62.621241
130.533761,144.768994,18.934005,-96.678828,-1.041077,-31.530602,-23.316091,29.454246,-23.017060,-20.395819,-69.636439,-8.476463,52.127794,2.925612,-13.274968,-29.027237,-90.183337,-7.717647,35.645548
167.845960,113.520653,11.106737,-107.629160,2.553002,-13.800046,-10.692912,8.750286,-38.668177,-27.628977,-78.257542,31.012421,17.656565,-2.006699,-21.761913,-49.132525,-80.461158,67.749020,9.982971
207.370153,111.661433,12.029603,-117.714992,21.267002,9.767636,-28.075151,18.034241,-34.593042,-27.844892,-76.745068,53.729747,-42.059922,-14.373312,-25.154360,-32.570382,-36.591440,19.168627,-17.163790
194.389883,15.721187,3.048753,-108.743404,22.444373,9.040879,-30.074159,38.932387,-68.176379,-35.315557,-75.491875,162.857053,-78.899107,-15.546120,-17.938125,-30.493935,-16.704326,22.462745,8.585077
176.426551,176.465339,36.724804,-96.582773,25.666651,-2.171939,-35.350729,55.086839,-39.065949,-19.704891,-73.547265,79.644327,-26.985229,-22.094301,-44.856199,-51.777523,-19.323964,-25.600000,-92.839918
121.029480,135.562493,33.101701,-91.011551,17.239155,5.061021,-16.791409,51.055161,-26.694423,-17.999161,-67.799863,18.756283,-28.305074,-16.341024,-26.576623,-28.269169,-27.717876,-7.639216,-26.569375
116.775647,57.889647,22.155489,-96.544350,13.211307,11.717189,-21.621500,70.390570,-29.616831,-22.814069,-72.618173,29.638163,5.273320,-8.593973,-23.644663,-46.553445,-53.563745,30.447059,18.215015
199.932021,50.519966,16.635386,-100.905272,13.025406,1.842527,-29.627680,29.731655,-48.401419,-27.844892,-76.075257,69.014862,17.307195,-2.664775,-20.677729,-43.801328,-56.995102,-7.152941,16.230350
88.603113,126.871199,44.244450,-74.278676,19.655863,11.947906,30.068589,55.327260,-19.104280,-9.902342,-63.197620,80.205249,8.223560,-3.270726,-31.099886,-47.805905,-35.318517,-110.839216,-70.197482
131.360220,136.122499,39.296864,-86.035874,16.805386,-5.898009,29.398871,5.865232,-6.789578,-7.829557,-64.213138,-19.077882,17.837720,2.384817,-25.335058,-45.655299,-43.398810,-17.584314,-57.115953
186.392676,69.414572,19.668879,-100.136828,8.687724,-12.427283,-37.512093,-17.659052,-43.611917,-19.186694,-69.009842,23.243656,19.416358,7.447440,-9.521126,-34.482033,-60.500252,66.949020,3.010758
156.542916,137.925719,34.648356,-93.201617,23.497810,8.948592,-53.625925,59.294209,-20.151476,-10.679637,-67.907897,-8.392325,73.995804,-9.056580,-27.381018,-51.653925,-61.939208,-41.615686,-49.091005
166.095811,135.618494,17.737697,-110.875837,12.281804,-22.255802,-9.931868,50.463355,-35.745769,-23.310674,-78.192721,34.966918,22.224262,-12.320897,-27.853162,-46.792401,-61.846967,2.274510,-12.435111
190.743740,90.101198,12.439765,-110.933471,3.978241,-18.702770,-73.463798,38.053925,-43.400855,-23.202716,-75.405447,117.198032,-36.250019,-9.349783,-23.376532,-34.605631,-42.937606,22.258824,16.972442
232.868849,87.435569,20.361028,-96.832517,10.484764,-17.641474,-32.864652,42.714397,-39.983261,-23.073167,-73.871366,75.886152,-22.857481,-12.027695,-28.395254,-41.708400,-37.200229,-28.172549,-15.006546
82.623438,239.018021,33.580224,-99.003372,8.501823,-57.913024,9.865415,36.740856,-32.912657,-17.934386,-71.689082,39.510384,6.450828,-9.962249,-23.871992,-43.323415,-66.403662,-12.407843,-20.770703
102.385534,191.843107,32.973526,-97.677806,4.969711,-9.797116,-12.854276,21.196704,-7.796185,-9.276188,-69.593225,-63.474830,95.902632,0.267247,-22.204913,-46.965438,-63.728679,-8.470588,-37.614466
265.732753,-6.175051,17.994049,-99.963928,6.642817,41.894896,12.564584,56.557107,-32.888304,-25.642557,-78.603250,61.807019,10.837369,-16.758022,-38.059648,-56.144656,-39.690730,-23.796078,-56.149508
205.425544,35.265400,20.497749,-93.681895,12.281804,-11.919707,-3.965286,92.980911,-59.555276,-30.910887,-75.254200,152.143450,-76.608789,-24.524620,-23.621347,-44.691234,-49.025498,-26.776471,2.078828
136.100206,148.778637,41.945830,-77.775097,24.799115,-23.363241,-62.423590,45.802884,-15.970809,-7.937514,-58.941085,-11.589578,5.532113,3.492470,-16.515862,-33.007095,-37.809018,-25.694118,-35.336416
203.286473,87.110765,35.229419,-81.540475,27.835492,25.744747,-26.005112,-10.575875,2.034470,-10.658045,-61.685145,-33.998398,3.177096,-12.027695,-30.324636,-34.243076,-36.665232,18.243137,-64.847517
191.254200,57.676844,19.036545,-95.737484,4.164141,-12.600320,15.892882,49.853056,-54.213764,-32.530251,-78.235935,133.633036,-26.985229,-27.417548,-38.700832,-52.090639,-34.156283,6.776471,-25.499382
201.973861,83.862730,23.018540,-94.776928,4.783810,0.515908,-24.939651,95.597803,-56.015915,-27.434653,-75.535088,86.207111,-19.402594,-16.673320,-35.908766,-39.178759,-58.876814,-14.682353,-32.368048
252.120485,86.315557,18.344396,-100.367361,4.350042,-4.905928,-22.839170,38.738201,-46.574914,-28.427863,-78.711284,56.281941,-11.289433,-13.917220,-28.797452,-40.546578,-69.576745,9.317647,-19.372808
75.355459,228.086702,37.570764,-95.161151,10.608698,-71.110002,-90.227054,56.011536,-35.705180,-12.191043,-69.225910,22.570550,55.841474,7.043473,-24.233387,-43.587091,-60.518700,8.643137,0.370291
58.947814,201.027207,46.013275,-81.252308,13.583108,-20.456214,-31.860075,55.632410,16.378622,-1.783932,-61.814786,-116.033188,93.327642,12.431876,-20.164782,-38.552529,-81.457359,-24.501961,-19.338293
236.733761,65.449729,24.992447,-95.506950,10.670665,-9.001144,-1.945983,-7.995972,-9.760693,-17.696880,-68.037537,31.405066,-0.161334,-0.156268,-17.769085,-33.789883,-29.359762,-66.713725,-11.192538
249.786954,68.462562,15.413443,-88.725429,18.726360,-17.203113,-44.625315,28.233646,-72.267750,-29.421073,-68.772168,162.296132,-60.977691,-18.843015,-26.238544,-22.641337,-39.377111,-38.901961,-14.782193
240.598672,85.934752,23.249256,-86.727474,2.738903,-9.866331,3.919127,60.579538,-55.398962,-27.521019,-74.022614,71.510964,-15.132509,-29.202823,-39.068055,-47.418631,-57.566995,4.643137,-51.144701
211.137835,123.735164,33.845121,-92.778973,4.102174,-1.422110,-17.308919,64.232090,-18.316854,-13.853590,-70.176608,-7.270481,-13.605631,-25.730007,-34.661372,-53.631495,-38.879011,5.035294,-54.337423
175.624399,111.952636,29.794766,-89.974151,10.918532,22.249393,-7.943008,76.780224,-27.360082,-15.861601,-69.679652,75.409369,-1.080049,-27.267689,-32.539635,-52.774548,-47.660334,-64.047059,-66.383474
262.791531,39.051041,17.404440,-98.638361,8.377890,6.745251,-22.900053,59.229480,-49.830152,-23.029984,-72.315679,85.309636,-3.745617,-25.905928,-32.580438,-46.808881,-39.100389,-30.619608,-33.299977
226.573175,70.937789,16.242313,-98.177295,3.048737,-18.968093,-37.329442,44.462074,-53.548104,-26.506218,-72.726207,67.780835,2.530114,-26.342473,-26.250202,-35.989929,-55.795972,25.631373,-5.428382
224.531334,127.879210,17.652247,-97.216739,7.696254,-37.044724,-45.183413,13.105608,-44.764645,-26.527810,-73.676905,91.283452,-6.333547,-31.724361,-24.892058,-37.514305,-34.562142,-0.376471,-22.203113
217.263355,69.145769,15.840696,-89.839673,-2.652216,-35.302815,-30.398871,16.711925,-47.825055,-26.074388,-69.787686,49.186282,-20.023697,-21.937926,-13.065126,-29.884184,-43.675532,21.788235,40.633097
152.046006,132.146456,38.322728,-77.698253,4.350042,-13.246326,-48.308766,71.759121,-25.850172,-14.091096,-63.932250,-6.793698,60.952636,-15.402777,-25.643992,-50.211948,-45.741726,-32.454902,-40.116869
212.255985,132.740063,32.093385,-84.633463,35.209552,-0.187778,-57.968948,92.546304,-21.596445,-17.308232,-65.293477,20.382956,27.723613,-29.469963,-39.009766,-52.510872,-35.300069,-53.694118,-95.860060
168.599496,113.128649,27.530327,-86.938796,22.506340,-57.359304,30.707866,62.678599,-51.802777,-30.284733,-68.383246,113.019165,-62.245777,-35.757519,-20.106493,-31.878233,-44.339666,-17.803922,-31.159991
185.396063,140.680949,27.453422,-87.995407,-0.669276,-13.165576,3.898833,32.783154,-38.026871,-27.283513,-72.402106,89.404364,-8.132158,-28.323217,-31.741070,-50.137789,-42.015198,-13.082353,-66.504280
241.327901,47.675135,17.378805,-89.109651,-6.184329,9.490776,-34.183795,77.140856,-35.818830,-29.529030,-73.309590,-7.074159,45.450935,-18.777859,-27.293584,-46.042573,-66.661936,-12.549020,8.188144
147.087251,171.906889,40.288090,-86.458518,18.788327,-32.465003,-10.013046,92.814466,-3.055390,-13.292210,-64.602060,-51.695476,13.800549,-17.155474,-21.954269,-42.606546,-50.150835,-46.352941,-44.759258
213.908904,107.842191,18.182040,-101.193439,23.002075,-29.119615,-44.909438,23.314260,-7.853010,-19.316243,-63.240833,45.764660,11.885481,-13.591440,-15.647349,-22.097505,-53.323919,-66.180392,-7.344015
330.755642,20.526040,7.449454,-103.825360,-5.316793,-46.042664,-52.022660,4.931289,-59.327977,-37.776989,-72.164431,86.852171,-24.449058,-23.814420,-16.830625,-27.445182,-36.074891,18.760784,35.956191
264.006912,63.579309,16.584115,-103.018494,-12.009216,22.030213,-27.567788,46.884779,-44.301930,-30.155184,-73.525658,42.286946,-21.654093,-25.769100,-25.469123,-56.737926,-36.868162,42.792157,-40.979767
191.983429,199.783993,28.718090,-92.759762,9.121492,-62.538888,-34.508507,98.640055,-31.573220,-24.865263,-70.565530,40.043259,16.854307,-32.095750,-34.259174,-49.668116,-64.263676,-43.576471,-44.327810
202.848936,207.377676,36.733349,-87.630396,8.997559,-67.418540,15.679789,85.851499,-31.548867,-25.599374,-72.034791,73.053498,1.779614,-41.106828,-45.025238,-64.780041,-54.190982,-42.352941,-100.502449
304.576333,26.876509,8.739757,-105.150927,6.456916,11.082719,-57.502174,60.792218,-56.900755,-36.222400,-72.942275,110.242603,-17.125216,-30.427756,-21.196506,-44.666514,-62.455756,-20.674510,-3.357427
88.919112,234.414771,36.964065,-86.996429,4.226108,-65.918883,-83.854582,32.588968,-11.083894,-11.219425,-62.679057,-59.099641,118.792874,-12.099367,-16.533349,-27.082628,-72.749828,0.862745,-7.344015
103.163378,139.941741,35.776303,-86.420096,0.879896,-32.753399,12.747234,43.518883,15.696727,-10.463722,-67.281300,-88.463890,149.265751,-10.353185,-20.491203,-42.474708,-73.211032,-38.572549,-30.400641
366.901076,1.978637,2.570230,-111.548226,11.848035,21.545708,-30.672847,63.205676,-50.755581,-44.556725,-87.397208,166.362814,-50.807126,-44.338567,-44.757107,-60.643626,-27.994598,-34.149020,-46.692149
267.118288,72.270603,14.345312,-104.267216,-11.141680,3.226825,-36.162509,43.056535,-47.475990,-39.050889,-81.455344,154.611505,-93.223301,-45.504860,-34.177569,-54.216526,-13.586587,18.964706,-13.194461
241.352209,108.626200,21.839322,-96.064073,4.350042,-58.270634,-7.283436,45.839872,-44.342519,-31.774548,-72.250858,46.437766,-51.363531,-35.255818,-18.124651,-34.440833,-35.705928,-8.219608,24.773037
227.035019,158.332341,30.683452,-94.181384,12.219837,-24.113069,0.347295,16.915358,-34.860929,-23.893645,-71.581048,29.890578,11.704326,-33.913603,-33.775372,-46.586404,-38.030396,-19.262745,-66.814923
347.163287,29.956542,22.941634,-94.661662,5.341512,48.527993,-20.576333,45.534722,-17.285893,-25.016403,-73.828153,43.633158,-14.459648,-36.878202,-40.012345,-59.333486,-25.909957,-53.066667,-81.950149
323.147356,22.542061,20.138857,-91.587884,7.758221,8.464088,-46.857710,52.701122,-45.787488,-28.039216,-70.824811,70.865904,-14.705501,-32.336828,-36.952148,-45.984894,-30.632685,-16.894118,-44.897322
161.963516,174.527718,30.939803,-92.836606,-9.592508,-67.430076,-47.344778,40.772534,-34.024796,-23.677729,-68.599313,24.842283,29.198734,-16.047822,-15.635691,-29.983062,-71.735180,-19.701961,34.489265
262.208148,138.060121,15.242542,-112.604837,-6.618097,-18.472053,-38.334020,67.098650,-27.059724,-37.906538,-85.279744,76.138567,3.798199,-31.691783,-37.814832,-49.964752,-59.836118,-42.776471,-14.057359
333.842710,9.213916,6.569314,-118.118425,-13.496422,40.083772,-23.143587,96.873884,-54.660243,-47.255665,-93.231037,92.293111,-10.616571,-46.384466,-49.361975,-68.842298,-35.927306,20.721569,-38.460105
298.232044,88.734783,20.822461,-106.092271,0.260227,17.173632,-6.238270,98.510597,-48.693660,-40.000916,-84.912428,112.963073,-45.023102,-48.599771,-49.519356,-64.162051,-40.539345,-30.368627,-72.441016
285.932387,103.989349,18.438392,-105.343038,7.696254,25.087205,22.174029,72.563607,-42.134478,-42.203250,-85.863127,90.442069,-39.588449,-52.847944,-52.987579,-60.058595,-37.200229,-34.054902,-73.907942
306.448020,96.317266,14.849470,-112.182193,-3.333852,6.526070,-26.258793,45.257313,-55.447669,-44.621500,-85.236530,52.467674,-47.766308,-38.533165,-28.465202,-43.990845,-49.984802,0.925490,13.158434
184.107759,208.486488,30.504005,-101.097383,-7.485634,6.064637,-44.199130,39.071092,-45.292302,-34.387121,-78.970565,48.989960,0.239796,-31.079316,-31.950912,-41.271687,-70.794324,-20.298039,-10.553994
205.547082,174.158114,36.528267,-92.375540,1.623499,18.523323,-6.725338,77.492241,-13.462409,-26.635767,-75.102953,-62.941955,49.125795,-33.262043,-36.730648,-55.609064,-74.963607,-39.356863,-45.725704
328.932570,77.613062,29.017166,-100.790005,-2.218448,1.473381,-28.998550,25.783200,-39.983261,-35.121233,-78.300755,79.532143,-5.324254,-35.118990,-33.530556,-48.671092,-58.341817,-44.580392,-31.263539
282.869627,113.688655,26.872358,-93.681895,-8.910872,-14.884413,-18.861448,24.201968,-52.168078,-35.358740,-77.242023,89.292180,-41.141207,-36.962905,-29.304570,-40.950332,-61.662486,-24.643137,-1.044862
278.348409,141.823362,37.271687,-91.318929,-3.457786,25.594781,44.609598,97.604395,-16.880003,-27.197147,-76.334539,-62.212757,2.594812,-35.073381,-37.144503,-63.346304,-78.192035,-68.282353,-68.350881
223.315953,155.801114,38.442359,-100.617105,-13.000687,22.583932,-0.423896,109.320302,-23.966842,-31.774548,-84.026551,54.038254,32.524224,-36.852140,-52.696132,-80.336919,-90.367819,-44.878431,-76.979858
263.350607,99.374899,23.343252,-100.617105,-11.637415,15.201007,-10.591440,89.873930,-36.338369,-34.905318,-80.699107,26.581140,4.923949,-33.333715,-40.787594,-60.396429,-93.282628,-0.956863,-18.993133
341.232227,30.527749,6.236057,-114.929381,-1.103044,23.945159,-16.933471,45.423758,-63.890181,-44.837415,-81.909087,-3.091615,10.695033,-31.613596,-21.505440,-31.606317,-103.816526,6.745098,50.608194
225.722408,168.367651,27.342336,-105.784894,14.202777,-52.664225,-75.462806,64.971847,-38.757473,-30.543832,-72.899062,34.658412,-12.026993,-28.114717,-20.316335,-30.675212,-96.953811,-4.501961,33.540078
202.848936,174.538918,57.566186,-75.681086,3.668406,26.782971,51.530022,126.260746,5.995956,-17.351415,-70.846418,55.636881,-74.810178,-50.821592,-59.696696,-76.505379,-56.367864,-87.764706,-134.863035
309.972625,75.149035,36.263371,-91.030762,13.211307,49.577752,33.112764,124.892195,-38.911711,-32.508659,-79.510735,78.971221,-21.330602,-54.515938,-62.978393,-77.593042,-58.378714,-71.231373,-133.033692
297.381277,206.224063,30.042573,-104.324849,-4.449256,-63.138750,-49.242313,37.822751,-36.232837,-30.263142,-76.140078,-71.496010,34.038163,-25.723491,-24.204242,-45.803616,-80.258228,1.552941,4.374136
260.336461,169.140459,34.844892,-100.847639,-15.479362,4.795697,-20.211032,-1.236439,-2.438437,-23.483406,-72.661387,-20.648463,-21.136507,-24.114137,-21.831861,-48.811170,-76.476356,-22.713725,3.114305
379.978576,18.543618,23.616693,-100.271305,3.048737,55.691737,-2.483787,103.873838,-46.631739,-36.330358,-80.072511,134.782925,-58.803830,-49.466346,-54.619684,-70.168917,-63.710231,-58.760784,-98.086336
412.040330,23.942077,27.333791,-93.528206,-19.631144,44.594278,27.623102,96.836896,-54.936248,-38.942931,-83.183886,125.303349,-32.950408,-44.879362,-51.372961,-82.553445,-67.492103,-80.972549,-107.112245
335.908858,43.508690,24.266117,-102.768750,4.040208,25.329458,-47.131685,26.153079,-40.113146,-29.723354,-70.500710,90.918853,-28.719142,-22.537362,-21.050782,-46.396887,-59.190433,-53.992157,-27.898238
221.906111,159.709957,32.648814,-98.062028,-4.325322,-28.600504,-57.938506,60.736736,-22.205280,-26.700542,-72.920668,-1.857588,-17.668681,-28.694606,-24.763821,-43.916686,-88.061799,17.380392,23.461433
318.723369,118.459907,24.112306,-102.499794,-19.383276,-14.503731,-26.005112,25.949645,-6.529808,-28.168765,-77.738979,-24.911467,20.671504,-25.925475,-27.958083,-60.017395,-99.665690,9.819608,-4.289357
302.169879,94.502846,31.589227,-91.395773,-9.468574,-10.835340,-26.208057,47.948180,-34.893400,-27.585794,-73.115129,21.757214,-11.923476,-30.929458,-27.555886,-56.820325,-72.196384,-17.662745,-7.223209
264.225681,113.195850,40.570077,-76.833753,-20.746548,-15.288167,-3.346304,124.919936,-38.424643,-28.751736,-76.723461,3.835767,4.354604,-30.753536,-32.516320,-67.441520,-106.768231,-47.419608,-5.980636
244.852506,140.860151,25.351339,-94.872984,8.501823,-23.409384,-42.646601,42.723644,-23.203769,-24.800488,-70.068574,37.126467,24.954528,-21.905348,-21.616190,-44.954910,-81.586496,-55.607843,-19.597162
235.105150,168.233249,40.928969,-90.012573,5.899214,-2.610300,-61.449454,-2.503273,-0.644404,-15.624094,-64.969375,69.884291,-10.086046,-31.079316,-28.185412,-47.154955,-40.354864,-43.168627,-82.053696
458.881117,47.159930,23.360342,-99.983139,-18.701640,7.368185,-45.487831,6.457038,-44.415579,-34.710994,-78.127901,100.089921,-35.512459,-39.054414,-34.101793,-64.607004,-52.217029,-22.211765,-74.080522
246.432502,91.165209,14.917830,-107.321782,-6.494163,-38.152163,-47.283894,20.262760,-47.979294,-35.661021,-73.720119,92.433341,-24.759609,-22.817533,-5.878035,-41.106889,-63.876265,-1.600000,51.609155
265.635523,68.462562,27.273976,-98.138872,-4.821057,16.112337,-17.826429,67.542504,-8.940795,-23.483406,-70.630350,28.263905,-18.949706,-30.277897,-25.084413,-48.349737,-56.146487,-32.690196,-37.821561
431.972580,115.211872,22.616922,-107.437049,-25.889799,2.776928,-36.365454,68.069581,-35.193759,-30.219959,-84.004944,42.062577,0.498589,-48.567193,-50.038132,-84.267338,-57.179583,-27.733333,-96.205219
339.530694,184.507027,27.077440,-102.711116,-26.571435,-43.873930,-8.014038,95.403616,-34.154681,-28.924468,-81.779446,-50.601678,46.343771,-36.734859,-33.000122,-76.538338,-102.469810,-19.466667,-47.900206
259.072465,99.005295,38.579080,-89.513085,-3.147951,-5.955688,-36.253834,35.520256,-5.255314,-14.004730,-63.262440,-32.736324,23.841718,-24.420371,-15.396704,-50.854658,-72.104143,-12.768627,-30.193545
357.250950,60.958480,19.805600,-110.145815,-23.411124,4.230442,-80.678492,36.278508,-36.046128,-31.450675,-78.754498,130.183368,-18.936767,-46.514778,-31.292241,-61.599451,-46.903960,-23.733333,-19.148455
277.035798,111.762234,32.956435,-92.029740,-36.300237,6.179995,38.267567,91.418173,-31.759930,-28.276722,-78.452003,84.159747,-37.802777,-50.684764,-39.907424,-76.834974,-50.759625,-38.337255,-80.500481
251.731563,102.779736,34.016022,-88.610163,-24.278660,-19.556420,-14.690929,22.870405,-1.626658,-18.841230,-67.648615,23.439979,-12.906889,-29.926055,-18.229572,-61.236896,-51.811170,-4.690196,-20.632639
397.552987,113.610254,19.173266,-106.899138,-10.026276,-31.161456,-28.663691,53.422385,-43.335912,-33.156405,-76.269718,9.136477,-8.442710,-49.968048,-24.338308,-40.604257,-71.218631,-48.125490,-20.580865
262.475532,133.591272,41.740749,-87.630396,-11.389548,-6.313298,-31.809339,80.626963,-23.983078,-16.401389,-67.108446,-13.889357,20.063340,-40.911360,-22.012558,-59.786679,-70.425360,-29.819608,-56.943374
403.678508,115.245472,31.170520,-93.336095,-20.436713,-50.357061,-115.341497,62.447425,-29.089174,-24.757305,-74.281895,61.610697,-7.976883,-47.993820,-29.660136,-64.401007,-71.052598,-21.160784,-24.187778
388.656397,117.687098,26.479286,-104.881971,-19.011475,-38.878920,-48.369650,20.651133,-37.361212,-27.650568,-74.843671,95.237949,-31.992874,-51.616495,-29.514412,-51.019455,-55.334768,-36.831373,-41.273152
366.536461,29.844541,18.464027,-94.085328,-34.069429,5.395560,-30.155337,46.376196,-34.901518,-20.914015,-66.741131,-32.792416,59.141085,-27.834546,-9.964126,-45.614099,-98.521904,-50.980392,20.872740
262.864454,191.383902,41.492943,-76.622431,-14.425925,-10.085512,-24.198901,94.682353,-9.744457,-6.490883,-60.539986,-106.637751,121.160830,-42.084169,-23.155032,-48.827649,-124.091051,-101.521569,-63.069947
330.658412,115.279072,32.307012,-92.817395,-21.676051,-0.568460,10.991760,47.467338,-24.502617,-23.958419,-77.566125,84.075608,36.082628,-73.456794,-44.891173,-73.077592,-77.269627,-22.698039,-124.180362
357.955871,88.365179,31.939574,-82.059174,-20.994415,-48.695903,30.423743,84.806592,-61.722728,-32.249561,-76.096864,132.370962,-116.087663,-88.924834,-41.417121,-60.874342,-36.923507,-14.447059,-45.242481
235.542687,158.332341,37.246052,-84.979263,-10.026276,-44.543008,-2.169223,72.720806,-29.608713,-24.325475,-68.728954,13.427527,-55.284245,-67.605783,-13.152560,-39.631952,-77.435660,1.474510,-1.165667
414.057862,-15.023148,6.740215,-107.571527,-11.575448,11.740261,-95.249943,33.190021,-49.042725,-37.798581,-78.300755,130.660151,-23.595041,-66.055070,-19.482795,-51.060655,-67.565896,6.886275,19.129686
334.231632,85.755550,31.042344,-85.517174,-1.846647,8.498695,-48.511711,96.309819,-44.155810,-24.562982,-67.864683,91.059083,-57.212253,-75.346319,-32.807767,-58.229343,-43.325017,-53.443137,-53.940490
336.103319,73.704219,19.762875,-96.217762,-9.034806,-21.436759,-13.980621,73.571527,-51.088411,-33.070039,-74.346715,-11.477394,-20.942412,-62.875456,-13.129244,-36.228885,-81.826322,3.231373,19.371298
295.606821,97.168475,34.861982,-86.861952,1.809400,-9.301076,-74.620584,41.891417,-4.865660,-13.939956,-64.364385,3.835767,-19.402594,-49.381643,-15.373388,-34.976425,-56.902861,-41.600000,-3.426459
336.759625,186.455848,57.933623,-66.171588,-16.966567,1.519524,-8.014038,68.698375,16.638392,-3.381704,-64.947768,-101.140719,49.358709,-50.117906,-37.022095,-64.392767,-79.778576,-105.788235,-119.503456
435.910414,96.261265,28.743725,-92.836606,-17.834104,-41.958984,-6.502098,54.670726,-40.389151,-24.735714,-82.946212,-16.918334,39.123445,-55.962402,-46.464988,-66.114900,-85.183886,-20.203922,-56.546441
384.281025,70.366583,18.079500,-102.153994,-16.594766,-35.637354,-28.724575,41.318105,-57.119936,-34.646220,-86.532937,139.915358,-54.986633,-64.778012,-30.575280,-44.724193,-70.665187,-3.341176,-23.359396
290.234836,108.222995,21.283894,-98.196506,-9.902342,-30.284733,-38.080339,38.775189,-52.898680,-30.112001,-80.915175,101.436133,-72.519860,-58.177707,-14.056046,-36.558480,-60.352667,0.203922,22.029023
367.338613,162.028382,35.400320,-89.801251,2.800870,-31.645960,-25.873198,100.822339,-32.547356,-19.229877,-83.248707,9.360845,28.163561,-56.998383,-45.369146,-69.723964,-87.102495,-89.145098,-75.115999
516.320027,40.574258,16.438849,-104.171160,-17.152468,-10.673838,-10.530556,67.209613,-34.381979,-28.298314,-92.518013,33.845075,55.932052,-63.527016,-47.362646,-66.147860,-90.976608,-90.321569,-74.149554
332.919020,58.292851,11.756161,-104.248005,-10.893812,-25.174365,-58.283513,52.303502,-35.591531,-27.844892,-85.214923,72.043839,-58.493278,-56.372885,-23.283268,-45.539940,-49.486702,24.470588,28.776883
406.765576,148.823438,26.462196,-96.947784,-14.611826,-20.767681,-29.759594,104.410163,-43.701213,-31.968872,-93.922454,85.421820,-75.483040,-66.595865,-49.187106,-68.224308,-57.862165,-49.349020,-73.372946
471.302312,14.746777,21.736782,-87.246174,-9.034806,7.783474,-23.285649,83.410300,-52.614557,-29.507439,-86.252049,103.511543,-50.716548,-62.041459,-47.106172,-69.270771,-47.254475,-52.000000,-86.092058
251.610025,200.657603,43.355764,-83.557641,-6.927932,-55.801968,-31.657130,58.119844,-17.975906,-10.290990,-75.210986,-98.953124,47.314244,-30.323507,-18.037217,-40.126345,-81.291325,-55.874510,5.098970
337.634699,167.964446,27.393606,-105.842527,-15.851164,-45.304372,-37.654154,37.286427,-11.294957,-15.926375,-83.399954,-36.129900,34.749844,-27.710750,-24.985321,-51.719844,-82.508904,-44.878431,-21.719890
439.994095,12.092348,9.329366,-92.990295,-30.723217,-22.947951,-20.586481,64.084138,-66.755764,-36.179217,-86.921859,155.088289,-84.631373,-56.438041,-31.064912,-72.706798,-50.778073,15.388235,-43.188785
486.761959,78.273869,9.389181,-108.628138,-34.131395,-46.284916,-55.300221,71.158068,-71.943038,-43.606699,-94.332982,6.163592,-50.341299,-54.222736,-26.477531,-41.683680,-80.405814,22.070588,33.591852
363.449393,92.453223,28.248112,-91.856840,-1.722713,11.140398,-41.053483,86.803937,-24.486381,-23.634546,-83.680842,-15.347753,17.164858,-45.094377,-38.677516,-61.195697,-88.689036,-36.909804,-46.812955
334.523323,133.512871,39.895018,-90.050996,-0.731243,-2.621836,-50.835431,33.828061,9.137545,-11.931945,-80.331792,-6.401053,65.740307,-41.354421,-41.283055,-68.034791,-75.627741,-62.054902,-85.246418
407.178805,97.426078,20.925002,-106.015427,-7.547601,-15.530419,-50.317922,42.871595,3.495674,-21.000381,-85.020462,-3.315984,49.229313,-37.881605,-39.149660,-55.436027,-64.983154,-45.615686,-89.181231
436.858412,55.358419,12.704662,-106.841505,-26.695369,-12.588785,-30.480049,81.514672,-45.584543,-41.490730,-97.206683,133.100160,-41.917586,-53.668910,-38.735805,-66.131380,-66.827970,-49.003922,-42.222339
470.718929,20.660441,8.628672,-110.357137,-29.421912,6.318425,-23.549477,92.222660,-61.430488,-49.609140,-102.176242,136.044999,-82.638666,-61.872053,-40.886687,-59.844358,-65.186084,-35.513725,-11.969146
196.747723,181.090990,39.228504,-87.553552,-7.175799,-17.941405,11.965896,55.752621,-2.470909,-21.712902,-80.785534,40.407858,-45.644205,-45.856703,-28.430228,-53.985809,-53.305470,-22.760784,-57.478370
406.984344,194.340734,20.010681,-113.834348,-26.137667,-84.722271,-82.606470,8.445136,-25.014038,-41.512322,-96.774548,61.835065,-69.737835,-51.264652,-23.691295,-48.588693,-75.719982,12.407843,35.714580
595.246876,55.526421,4.048524,-108.954726,-18.701640,-25.232044,-35.421759,74.394507,-54.570947,-50.278477,-103.731930,43.184421,-15.753613,-55.845121,-37.715740,-64.425727,-84.427512,-81.584314,-35.647059
491.356100,54.361608,32.768444,-85.113741,-7.671534,8.579446,13.660487,88.311192,2.432242,-20.352636,-87.807736,-101.701640,81.190249,-26.394598,-40.636042,-81.383383,-98.743282,-100.109804,-122.644404
463.718334,81.533104,24.180667,-93.278462,-15.045594,-18.229801,-24.838178,83.706203,-20.281361,-30.306325,-91.545708,12.221546,-13.631510,-47.720165,-52.328908,-76.282902,-70.628290,-20.925490,-90.164935
469.236164,54.115206,8.551766,-104.171160,-12.814786,-19.002701,-45.893721,22.574502,-53.929641,-43.520333,-94.441016,169.447883,-80.891814,-65.325322,-40.659358,-50.829938,-57.382513,-22.886275,-32.074662
483.237354,44.359899,7.534905,-113.469337,-19.693111,-35.879606,-73.961013,10.645914,-34.308919,-38.727016,-93.922454,75.886152,-41.581155,-36.747890,-21.738598,-49.923552,-83.302174,0.094118,21.632090
448.380224,98.355688,17.293355,-108.032593,-14.301991,-40.124788,-102.961852,48.262577,-30.826383,-30.327916,-89.773953,60.881498,-37.725139,-35.549020,-28.564294,-62.093843,-58.083543,-14.854902,-19.838773
396.191760,137.018509,32.033570,-94.431128,-9.654475,-25.428153,-19.449989,96.725933,-24.673091,-28.751736,-91.653742,70.837858,-28.525048,-46.599481,-44.366567,-73.596704,-88.559899,-90.603922,-66.435248
365.442618,134.666484,34.981613,-97.428061,-7.857435,-25.901122,5.441215,58.693156,-1.342535,-23.224308,-88.153445,34.237720,-35.240726,-42.051591,-35.349187,-69.204852,-77.767727,-61.960784,-67.884916
488.779492,86.853162,25.368429,-97.754650,-13.434455,-14.030762,-58.699550,27.762051,-15.913985,-26.635767,-89.795560,50.616632,-14.123217,-35.138537,-29.397833,-63.659419,-79.907713,-75.074510,-65.693156
485.570886,55.548821,17.088273,-102.634272,-15.727230,-15.830350,-49.171283,76.391852,-33.229252,-36.373541,-98.243809,58.441489,5.713268,-38.357244,-34.906188,-60.915541,-102.986358,-76.109804,-34.145617
491.866560,78.553872,18.301671,-104.151949,-23.473091,-16.453285,-29.221790,66.811994,-35.697063,-36.934920,-98.395056,12.445914,-23.245670,-46.625544,-39.726726,-68.570382,-85.313024,-14.023529,-46.036347
437.514717,129.816831,15.592889,-99.752605,-28.926177,-60.473976,-19.267338,67.625727,-38.083696,-44.124895,-101.225544,48.681453,-46.368826,-47.785321,-35.005280,-62.810712,-108.410117,-19.278431,12.416342
514.205264,90.941207,20.130312,-102.903227,-5.502693,-80.165621,-104.341878,20.124056,-45.430304,-36.913329,-91.653742,52.916411,-43.690318,-38.161776,-18.043046,-38.198215,-81.623392,-38.447059,26.861250
296.190204,222.049836,67.914244,-65.806577,-3.891554,-0.902998,11.509270,132.520943,28.571557,-2.777142,-78.214328,-174.873869,65.352117,-27.873640,-46.867185,-92.606088,-92.692287,-94.650980,-142.853468
320.351980,104.459754,34.614176,-78.236164,-10.645945,-16.868574,41.900282,182.731975,17.076753,-27.585794,-91.308034,-32.511955,-3.279789,-46.566903,-47.957198,-82.784161,-135.824079,-70.133333,-57.323049
630.857542,-29.000900,-2.633707,-106.591760,-11.017746,-21.332937,-40.018463,54.411810,-95.939254,-56.518425,-100.080385,233.953872,-131.214115,-57.630396,-35.034424,-51.645686,-102.100847,-87.294118,8.930236
511.482811,87.133165,19.566339,-96.102495,-3.085985,-9.451041,-47.821698,51.101396,-48.019883,-36.503090,-89.990021,131.585672,-88.927337,-50.886748,-39.872450,-60.734264,-86.881117,-74.509804,-67.971206
552.562692,32.420569,5.731899,-106.438071,8.377890,-55.017533,-92.276799,11.219226,-39.755962,-35.812161,-86.165621,80.121111,-73.969100,-46.358404,-21.132387,-36.088808,-86.438361,0.313725,-11.175280
567.560494,25.375692,4.988479,-117.926314,-12.566918,-30.123232,-29.424735,-7.015793,-63.671000,-40.972534,-94.765118,114.112963,-67.007568,-51.551339,-39.487739,-58.616617,-73.764477,-14.541176,-10.553994
566.879881,26.148501,11.209277,-108.205493,-11.203647,-6.428656,-50.490425,54.716960,-51.202060,-38.467918,-93.360678,80.457664,-70.540093,-54.392142,-38.695003,-61.929046,-85.737331,-33.286275,-35.370932
374.266285,149.663447,33.494774,-87.726452,-3.333852,-42.051270,-42.930724,96.050904,-23.041413,-19.510567,-80.288579,-19.442481,-47.895705,-41.680201,-25.743084,-60.907301,-102.322225,-32.831373,-23.670039
447.918379,135.730495,25.530785,-95.833539,-11.575448,-59.343465,-3.173800,123.116777,-29.827893,-29.507439,-90.119661,-15.712352,7.266026,-50.749920,-43.264897,-65.101396,-132.448066,-84.000000,-28.812909
552.465461,66.468940,21.676967,-94.219806,6.952651,-25.335866,-75.097505,79.017990,-52.979858,-31.385901,-85.884733,91.928511,-8.468589,-50.671733,-40.338766,-55.337148,-121.858824,-93.662745,-83.140948
500.058228,91.042008,28.111391,-92.433173,2.429068,-40.540078,-89.060121,65.841062,-38.879240,-21.648127,-80.439826,92.208972,-75.664195,-49.160113,-37.931411,-67.441520,-72.842069,-41.035294,-72.475532
561.945434,44.371099,28.128481,-92.106584,-11.079713,-21.563653,-1.864805,57.907164,-31.508278,-23.116350,-85.884733,-30.801144,-42.396353,-47.133761,-37.820661,-64.153811,-96.160540,-68.235294,-38.391073
374.825360,102.253330,35.229419,-86.324041,-6.618097,-48.522866,-22.636225,11.958984,21.817548,-7.117037,-75.232593,-74.468894,60.616205,-22.622065,-12.004257,-35.421378,-146.745388,-61.458824,-7.430304
492.352712,138.216922,22.223850,-103.537194,-10.707912,-87.306294,-62.849775,42.307530,-2.990448,-18.366217,-87.267567,9.893721,10.876188,-29.958633,-24.536492,-52.230716,-129.643946,-93.709804,-12.693980
670.454658,32.834974,12.849928,-107.264149,-17.648203,-14.988235,-20.079118,81.579400,-74.224140,-42.699855,-104.185672,143.365026,-90.713008,-67.990204,-64.995209,-90.966354,-87.139391,-63.325490,-94.790066
514.326802,18.689220,10.867475,-96.813306,-5.626627,-23.282490,-37.278706,75.060288,-67.721782,-37.409934,-90.551797,157.416114,-74.007919,-63.025315,-42.582910,-59.531243,-94.610895,-23.278431,-60.550286
470.718929,101.614923,27.222705,-94.661662,-1.536812,-34.806775,-39.632868,63.575555,-26.678187,-19.381018,-83.140673,74.343618,-41.412940,-45.543954,-35.774701,-62.893111,-98.687938,-74.133333,-79.085328
607.643763,16.661997,10.337682,-104.094316,-15.851164,-39.836393,-68.755474,59.913756,-51.957015,-32.897307,-92.431586,80.233295,-73.555032,-54.698375,-36.573266,-66.699931,-83.652689,-21.411765,-32.247242
586.496132,22.138857,20.258488,-93.432151,-13.124620,-28.819684,-89.019532,52.571664,-55.804852,-25.383459,-83.486381,105.334539,-83.143313,-48.814786,-29.531899,-50.640421,-88.891966,-91.466667,-5.100481
566.831266,79.797086,26.650187,-94.411917,-17.462303,-34.841382,-57.958801,70.325841,-36.622492,-17.437781,-86.597757,87.581369,-62.155200,-47.843961,-42.443015,-72.879835,-82.250629,-99.450980,-78.688396
534.988281,81.958709,9.765164,-100.886061,-20.064912,-69.022019,-29.637827,70.094667,-55.220371,-30.587015,-95.218860,64.695766,-68.806180,-55.434638,-37.301884,-66.147860,-109.480110,-14.462745,-9.156100
476.528450,105.411765,28.461738,-89.839673,-2.280415,-43.008743,-39.622721,71.685145,-25.850172,-15.732052,-82.319615,5.602670,-52.217548,-49.837736,-31.653635,-55.650263,-118.279881,-45.694118,-35.647059
603.244083,31.950164,17.318990,-99.598917,6.642817,-30.307805,-48.785687,68.069581,-29.202823,-18.279850,-83.335134,23.383886,-49.176730,-56.021042,-34.474846,-58.204623,-96.326574,-60.250980,-86.540764
587.006592,9.482719,9.927520,-104.958816,-11.141680,-29.200366,-45.700923,42.427741,-48.068589,-25.297093,-91.351247,130.015091,-21.265904,-49.648783,-41.422950,-70.589151,-107.782879,-58.352941,-73.942458
583.336141,35.299001,18.318761,-100.790005,-17.028534,-29.477226,-54.640650,57.306111,-37.718395,-18.819638,-88.326299,36.621637,-12.182269,-41.465187,-37.943069,-71.816892,-94.297276,-56.847059,-69.420874
555.236530,62.168093,18.310216,-101.827405,-10.707912,-43.412497,-49.374228,56.011536,-32.920775,-17.999161,-85.128496,17.718578,-36.793484,-45.094377,-27.544228,-56.144656,-102.598947,-61.254902,-38.563653
459.707576,79.461082,17.002823,-104.171160,-13.620356,-55.490501,-54.336233,60.672007,-37.125795,-20.179904,-87.462028,100.594751,-43.755016,-43.719585,-26.990478,-58.039826,-98.079149,-39.607843,-34.766903
601.712703,67.924956,14.345312,-104.862760,-19.693111,-49.734127,-42.819104,60.228153,-52.054429,-26.203937,-91.394461,83.374456,-72.170489,-51.583917,-34.136767,-72.624399,-97.562600,-48.643137,-63.984619
568.095262,64.105715,10.260777,-103.575616,-18.763607,-68.087617,-69.283131,52.331243,-51.745953,-26.247120,-87.591669,63.237369,-62.142260,-41.478218,-16.410941,-52.609751,-114.959213,-41.207843,-3.737102
579.641382,17.703609,9.782254,-105.996216,-6.370230,-44.150790,-56.609216,57.065690,-52.744442,-28.946059,-88.650401,89.909194,-71.381170,-48.971160,-19.237980,-41.420005,-99.093797,-95.309804,4.909133
615.786816,25.274891,14.490578,-101.347127,-7.423667,-15.276631,-29.546502,72.951980,-48.336477,-27.024414,-91.869810,112.121691,-45.928878,-53.062959,-37.057069,-72.426642,-96.990707,-103.686275,-110.529320
522.008011,61.876890,20.856641,-98.964950,-9.902342,-41.993591,-36.629282,76.382605,-34.544335,-21.950408,-87.958984,69.828199,-47.507515,-49.147082,-30.936675,-56.721447,-106.528405,-51.043137,-77.031632
613.963745,43.542290,7.722896,-112.143771,-21.985885,-52.329686,-64.655985,59.173999,-49.789563,-32.595026,-94.765118,47.699840,-47.986282,-47.817899,-25.987900,-59.934997,-122.578302,-22.400000,-17.042985
556.330373,70.825788,18.985275,-93.970062,-7.237766,-45.650446,-56.132296,81.209522,-30.615320,-16.919585,-84.480293,-10.664057,3.099458,-31.300847,-21.085756,-68.389105,-117.874022,-74.509804,-71.491829
571.838636,112.299840,36.835889,-87.034852,6.890684,-24.043854,-17.724956,58.341772,-19.428992,-7.354543,-78.646464,59.142641,-53.964401,-41.986435,-35.285069,-62.637675,-109.941314,-165.835294,-141.317510
635.597528,54.518410,9.765164,-106.937560,-22.853422,-44.254612,-75.341039,1.602380,-51.957015,-26.506218,-94.678691,110.130419,-26.390005,-44.077943,-27.596689,-69.386130,-116.490410,-35.513725,-69.524422
582.898604,6.223484,7.739986,-103.671672,-24.402594,-38.855848,-75.665751,34.493843,-55.407080,-26.355077,-94.505837,104.128557,-23.543282,-51.004028,-26.197742,-63.461662,-116.287480,1.537255,-37.545434
631.756924,17.188403,12.713207,-105.650416,-12.381018,-10.223941,-44.554284,82.263676,-51.413123,-24.455024,-96.990616,113.075257,-80.840055,-58.588190,-41.329686,-78.911421,-94.002106,-52.345098,-105.179355
635.962142,18.062013,8.637217,-117.618936,-22.481621,-33.237903,-62.393149,57.185901,-33.700084,-24.476616,-102.932479,87.132631,-62.103441,-51.368902,-29.088899,-71.347219,-102.340673,-52.517647,-41.238636
618.630808,25.644495,16.669566,-110.587671,-13.248554,-34.426093,-82.444114,76.595285,-31.946639,-17.567330,-86.943465,130.884520,-83.919692,-50.280797,-32.230701,-62.102083,-147.151247,-74.400000,-41.014282
595.684413,11.241138,10.764935,-106.649393,-3.147951,-44.104646,-64.655985,76.271641,-42.686488,-22.403830,-81.174456,102.922576,-77.087556,-42.833463,-26.121965,-57.174640,-124.865873,-57.756863,-46.088121
603.608698,22.609262,-1.300679,-122.479347,-26.571435,-51.187640,-43.113375,32.496498,-44.074632,-35.423514,-100.534127,125.107027,-66.399405,-47.824414,-30.062333,-74.486610,-68.894163,-33.568627,-37.804303
593.521035,30.482948,10.192416,-107.475471,-11.761349,-40.863081,-45.305180,65.193774,-28.545281,-17.912795,-90.270909,78.466392,-36.482933,-35.666300,-31.676951,-75.870909,-65.960906,-115.843137,-74.115038
581.658915,0.309819,8.047608,-107.533104,-5.998428,-71.490684,-57.857328,66.497597,-15.159030,-13.378576,-85.625452,33.592660,-23.400946,-22.641611,-14.516533,-63.041428,-82.342870,-83.717647,-43.257816
599.233326,-9.960693,-6.077363,-121.288258,-15.231495,-87.929229,-79.602884,57.278370,-45.568307,-30.975662,-94.959579,150.124132,-63.203311,-38.037980,-25.381689,-72.261845,-80.774777,-1.835294,-33.403525
591.697963,-16.971969,-5.410849,-115.294392,-7.237766,-98.369146,-79.024491,60.431586,-61.868849,-32.055238,-88.844862,140.784787,-59.101442,-41.940826,-20.374624,-55.518425,-64.134539,-14.901961,-31.764019
589.048432,-17.083970,-1.890288,-112.854582,-9.840375,-100.526345,-63.844205,59.266468,-49.789563,-28.751736,-86.079194,103.623728,-48.956756,-39.282460,-21.190677,-57.133440,-38.805219,-30.447059,-45.346029
579.471229,-6.847059,8.842298,-104.440116,-6.060395,-96.073518,-63.367285,70.483040,-42.751431,-22.684520,-77.955047,117.899184,-38.863828,-44.312505,-25.323400,-62.299840,-65.610391,-52.094118,-67.867659
564.959579,-10.274296,4.236515,-107.725216,-16.594766,-116.676493,-105.874113,46.043305,-39.147127,-22.036774,-75.686336,108.307424,-13.890303,-32.916716,-9.083955,-49.808194,-68.912612,-35.294118,-19.476356
520.257862,-13.970336,-1.522850,-110.549248,-10.460044,-125.455253,-92.114443,41.734218,-23.447303,-18.171893,-75.945617,74.119249,-18.406241,-12.783505,-0.556207,-43.611810,-11.096086,-90.196078,12.278279
581.318608,-37.333791,-6.564431,-109.492638,-5.006958,-128.823713,-77.055924,57.888670,-38.473350,-27.002823,-84.221012,115.403082,-50.367178,-35.646754,-16.346822,-64.969558,-2.296315,-32.815686,-38.097688
602.514855,-51.154742,-7.863279,-111.586648,-5.130892,-126.285832,-90.896773,49.150286,-49.935683,-29.723354,-87.051499,135.764538,-34.192615,-40.996063,-26.920531,-56.523690,-14.767269,-7.403922,-46.881987
563.330968,-28.832898,-1.386130,-109.627115,-8.601038,-135.076127,-79.328908,44.905928,-36.809201,-22.619745,-82.946212,88.815396,-9.879011,-19.286076,-16.049546,-59.176928,-1.115633,-41.631373,-44.569421
592.427192,-49.183520,-8.205081,-111.913237,-12.504952,-130.254154,-104.971008,59.858274,-45.008179,-27.650568,-87.548455,155.817487,-21.874067,-30.590646,-23.918624,-70.465553,35.411719,-22.870588,-96.446830
552.465461,-54.447578,-11.358206,-118.502647,-4.077455,-151.526207,-135.707027,53.736782,-43.287205,-28.859693,-85.366171,123.480354,-19.415534,-22.999969,-7.107942,-38.371252,33.382422,-10.776471,-31.090959
536.641199,-49.777127,-4.470893,-113.584604,-3.147951,-166.522774,-115.574884,47.208423,-41.558114,-28.600595,-85.776699,105.502815,-23.996170,-20.387213,-3.045167,-42.136873,14.491508,0.847059,-6.015152
579.276768,-68.582132,-5.675746,-110.011337,0.508095,-146.185122,-58.344396,65.517418,-44.902647,-33.868925,-90.292515,162.015671,-31.035340,-37.386419,-21.592874,-63.725338,25.874022,-46.807843,-74.598260
567.195880,-81.159869,-14.118257,-111.990082,-3.643687,-163.235065,-91.515755,68.541176,-48.661189,-38.834974,-90.465370,146.478141,13.658213,-35.522957,-18.311177,-72.022889,42.200641,-16.125490,-52.387274
546.826093,-79.883055,-14.818952,-108.608927,-3.891554,-162.185306,-110.633173,62.188510,-39.585489,-32.335927,-87.073106,137.783856,18.458824,-34.675929,-20.339651,-68.455024,67.862028,-9.349020,-61.154314
553.097459,-83.859098,-19.757992,-109.761593,-3.209918,-172.256077,-64.300832,57.602014,-37.296269,-32.357519,-85.171710,168.185809,-41.348241,-36.773953,-14.504875,-61.550011,81.015564,-50.101961,-47.572305
560.681437,-85.259113,-16.057984,-106.303593,-2.838117,-174.240238,-107.467231,68.541176,-39.747845,-31.148394,-84.264225,162.941192,-12.816312,-38.565743,-18.386954,-65.966583,80.037812,-27.356863,-61.689311
571.814328,-79.143847,-19.305104,-111.970871,-5.564660,-177.539483,-110.278019,72.693065,-35.762005,-33.113222,-86.749004,162.155901,-18.030991,-41.517311,-21.878492,-77.873198,94.851682,11.749020,-94.479423
511.823117,-78.259037,-23.910887,-107.283360,8.563790,-199.411398,-92.560922,56.251957,-42.475425,-29.680171,-79.705196,170.149035,9.633982,-31.698299,-11.398047,-66.222019,97.858732,-27.592157,-63.967361
475.385992,-39.249012,-12.417792,-101.481605,11.042466,-223.648157,-113.159838,51.563745,-34.795987,-19.683299,-73.396017,39.510384,103.976974,-11.291432,3.296727,-56.886244,73.673198,-27.200000,-45.121675
466.294942,-58.950027,-21.560998,-110.299504,-8.786938,-236.879744,-116.609903,52.266514,-35.648356,-29.075608,-79.208240,120.787930,24.708675,-21.143023,3.693095,-53.763333,87.786038,29.427451,-12.935592
523.782467,-117.773068,-31.507439,-110.453193,-12.319051,-204.302586,-96.000839,48.484504,-40.657038,-35.574655,-84.437079,196.007523,-39.135561,-31.822095,-8.390311,-61.492332,132.449027,23.717647,-50.471641
572.810941,-140.050111,-38.334936,-117.446036,-12.690852,-193.297414,-82.900740,53.052506,-47.654582,-37.971313,-86.597757,146.085496,-26.998169,-25.814710,-5.539956,-63.560540,147.133761,12.172549,-52.283726
525.508309,-127.181170,-42.026398,-117.791836,-18.763607,-198.488533,-104.940566,53.653559,-52.086900,-37.582666,-86.749004,182.236896,5.169802,-24.641901,0.073320,-59.976196,121.767544,2.384314,-20.494575
529.956603,-133.800443,-43.949035,-125.610758,-30.351415,-217.003525,-123.966659,41.808194,-56.210742,-38.727016,-91.913024,184.284260,18.575280,-21.827161,-0.253101,-62.868391,137.245548,55.058824,-20.356512
474.170611,-122.947524,-33.865873,-119.655314,-22.729488,-228.308629,-160.699702,40.134493,-49.148257,-28.816510,-81.628199,171.298924,11.626688,-14.177844,10.390555,-43.010300,162.205905,33.945098,1.319478
456.985122,-92.035187,-28.961013,-117.330770,-25.270130,-232.184665,-142.982605,36.796338,-29.779187,-20.482185,-75.772763,82.701350,77.437751,8.001266,25.539986,-50.525063,135.751247,5.788235,-13.539620
486.129961,-131.347616,-33.190814,-121.903014,-27.438972,-240.894209,-104.707179,39.450217,-32.368765,-26.009613,-79.121813,58.749996,113.901686,1.179431,10.198199,-55.979858,110.348135,42.086275,-8.966262
500.471458,-165.619989,-31.097276,-116.293370,-22.109819,-230.315862,-106.351034,49.270497,-49.383673,-34.387121,-79.208240,158.566003,30.220966,-18.087205,5.750713,-57.561913,141.414832,29.474510,-4.686290
504.749599,-158.463111,-41.658961,-122.498558,-17.400336,-230.811902,-128.451743,44.138430,-64.450309,-39.461128,-79.532341,200.130297,-52.424582,-19.540185,13.124331,-42.449989,181.004578,60.815686,-6.757244
459.731884,-122.073915,-27.354543,-97.428061,-6.680064,-239.279194,-95.899367,24.664317,-53.020447,-28.255131,-69.204303,138.933745,-26.855833,-16.477852,10.676173,-27.123827,153.885786,28.078431,-6.222248
454.359899,-145.426169,-26.491493,-96.371450,0.941863,-241.240284,-83.489281,38.987869,-50.609461,-27.888075,-69.333944,143.224796,16.569635,-13.063676,11.148318,-38.412451,126.084413,39.576471,-38.511879
453.144518,-164.298375,-36.625925,-112.470359,17.363088,-246.985122,-118.933623,84.020600,-57.103700,-31.537041,-70.219821,107.718456,18.458824,-15.298528,12.570581,-25.393454,142.890684,50.996078,-8.137881
432.094118,-150.119020,-33.054093,-103.191394,9.679194,-261.693294,-102.870527,64.417029,-60.667414,-31.990463,-68.080751,103.932235,-20.683619,-15.559152,22.473960,-21.454795,173.385489,41.113725,22.356924
421.423072,-159.135119,-34.344396,-99.963928,4.907744,-260.355138,-120.374533,47.569055,-61.438605,-29.010834,-67.605402,148.048722,3.526467,-7.427680,24.904631,-32.257267,151.948730,53.772549,15.885191
427.402747,-157.443900,-30.165866,-103.076127,17.425055,-250.757336,-120.922484,81.200275,-55.934737,-25.815290,-65.639185,119.077119,6.373190,-2.045792,22.299092,-34.078279,154.383886,-3.372549,21.183383
419.745846,-165.295186,-31.584344,-103.402716,9.803128,-262.685374,-97.228656,83.271595,-62.916045,-27.024414,-66.136141,118.123552,-11.845838,-5.277531,19.880079,-39.780270,161.597116,53.474510,7.342504
390.114855,-178.175326,-33.729152,-104.497749,9.679194,-268.857038,-110.978180,76.345617,-64.028183,-27.305104,-64.061891,51.766522,70.023331,5.623072,31.666209,-28.986038,132.688853,80.690196,32.124926
397.261295,-164.578378,-32.216678,-103.229816,16.061784,-272.836896,-133.596399,65.119799,-64.474662,-29.226749,-60.561593,61.330236,46.434348,4.665278,41.184878,-11.566949,140.603113,60.768627,39.010849
395.268070,-164.197574,-26.670939,-96.160128,10.856565,-280.773541,-106.990311,55.271778,-66.276814,-27.909667,-59.718929,108.026963,5.648569,-0.156268,33.648051,-22.039826,144.846189,77.772549,19.595651
372.054292,-182.957778,-27.286183,-102.480583,16.805386,-280.935042,-107.720912,77.168597,-66.845060,-27.844892,-60.691234,119.133211,-13.165682,2.489067,33.962814,-19.691463,164.548821,78.086275,25.480613
371.300755,-166.706401,-21.834440,-99.176272,26.100420,-280.381323,-110.795529,81.496178,-59.969284,-21.086748,-55.138293,97.117037,3.306493,1.387930,34.365011,-15.489128,163.091417,49.709804,2.820920
356.959258,-165.205585,-16.570687,-97.235950,12.157870,-279.539208,-115.067521,60.644266,-48.896605,-16.682078,-53.820279,58.609766,81.384344,9.988525,38.975708,-27.090867,140.160357,61.803922,-0.423575
367.994919,-174.949691,-15.981079,-101.174228,10.298863,-283.311421,-115.371939,66.053742,-55.179782,-18.063935,-53.798672,91.535866,20.982055,2.560739,37.844892,-27.428702,169.695857,59.466667,18.922591
368.140764,-189.229847,-21.338827,-101.078172,11.786069,-297.546624,-118.091402,65.230762,-67.648722,-20.007172,-52.005310,98.491295,7.524819,7.929595,39.156405,-24.470588,184.583520,80.517647,28.103822
349.739895,-188.076234,-21.706264,-97.639384,6.642817,-301.745663,-128.563363,56.908492,-65.286442,-16.962768,-47.727169,85.674235,29.159915,22.192248,53.950271,-21.224079,164.641062,99.513725,20.613870
351.125429,-186.698619,-17.681544,-91.184451,17.734890,-293.428336,-94.955673,71.749874,-54.976837,-13.054704,-44.054017,58.974365,59.788067,14.627634,45.195193,-14.912337,161.099016,15.388235,15.315679
341.402380,-186.385016,-25.184100,-93.912428,13.583108,-296.277684,-122.272068,69.290181,-56.470512,-19.424201,-49.347677,81.916060,44.001694,6.326757,38.311208,-25.121538,179.436484,85.035294,15.177615
329.564569,-191.861875,-21.860075,-89.186496,13.087373,-287.441245,-118.507439,63.187182,-55.358373,-18.992370,-46.344335,102.277516,-2.891600,6.352819,46.215259,-25.904326,187.756603,96.031373,13.935042
284.571160,-146.232578,-21.962615,-85.344274,14.698512,-317.157519,-139.319448,65.350973,-49.537911,-14.263828,-42.844038,79.896742,54.482811,14.334432,40.211444,-16.881666,172.315496,79.937255,27.844953
239.699290,-113.886625,-15.570916,-86.074296,24.303380,-341.705745,-131.343709,65.221515,-45.560189,-10.226215,-38.889998,26.356771,48.051804,16.621408,58.875731,-13.890593,176.632364,98.023529,43.446143
310.312932,-189.353048,-20.621042,-88.610163,25.294850,-307.444358,-96.335698,52.118563,-43.246616,-11.780804,-39.689448,-3.792767,74.151080,15.207523,62.087480,-10.067292,164.235203,69.082353,38.562142
345.388830,-196.655528,-24.329595,-87.649607,17.734890,-283.992035,-110.166400,58.878096,-44.366873,-13.400168,-43.038499,84.047562,48.362356,5.844602,32.738735,-20.070497,161.634012,69.192157,-0.078416
295.047745,-206.265232,-27.388724,-91.203662,21.576837,-293.151476,-123.114290,57.740719,-42.848844,-15.796826,-38.889998,118.179644,11.976059,8.379171,45.434180,-15.044175,184.417487,71.921569,39.148913
326.963653,-216.378943,-30.934920,-92.855818,14.202777,-304.341222,-118.284199,52.109316,-42.662135,-19.078737,-39.365347,76.334890,24.359304,9.903822,55.203494,-16.848707,159.272648,112.564706,49.935134
339.700847,-211.249287,-20.868849,-86.631418,20.833234,-288.087251,-78.730220,60.070954,-48.985901,-15.516136,-35.260060,77.989609,19.739849,10.047166,53.728771,-17.441978,155.103365,42.698039,23.012726
319.331060,-211.193286,-26.200961,-84.498985,22.444373,-279.273884,-102.180514,50.897963,-52.346670,-18.193484,-37.204669,88.843442,46.602564,16.771267,51.187350,-14.722820,159.235752,36.203922,34.402976
315.757839,-193.642695,-18.954757,-82.328130,20.399466,-269.018540,-111.505837,69.576837,-47.110689,-19.445792,-41.439597,72.015793,13.580575,-0.012924,39.144747,-25.442893,164.013825,96.800000,17.714534
314.007691,-190.540261,-23.842527,-95.180362,26.348287,-267.599634,-103.915694,70.177890,-45.625132,-22.922026,-43.297780,74.231434,7.835370,-6.150622,42.274891,-20.878004,174.769100,73.898039,36.525704
299.641886,-184.335393,-29.969329,-97.274372,23.064042,-276.955184,-99.653849,63.742000,-45.779370,-22.749294,-42.844038,61.638743,31.631388,3.505501,50.260548,-17.680934,135.714351,93.992157,54.163333
282.821012,-201.258778,-27.175097,-87.764874,28.145327,-272.040925,-95.260090,66.146212,-45.795605,-18.517357,-37.031815,44.698909,29.716320,2.860456,53.635508,-7.908446,133.648157,77.098039,74.130785
300.954498,-191.033066,-26.525673,-87.784085,36.324956,-254.621836,-96.345846,69.059007,-38.911711,-17.740063,-37.442344,66.041978,17.229557,-3.961379,47.136233,-10.207370,151.395285,44.705882,31.814282
300.444038,-185.612207,-21.637903,-88.225940,30.500069,-250.445869,-92.733425,60.487068,-34.609277,-15.667277,-35.973083,73.894881,15.832074,-0.781765,49.088930,-14.656901,142.447929,71.011765,-3.236622
298.718196,-187.001022,-21.680629,-87.707240,29.570565,-251.703273,-87.923629,53.265187,-35.794476,-17.632105,-34.871138,65.340826,15.689738,-0.286580,51.537087,-11.369192,141.101213,65.364706,15.471000
294.488670,-187.964233,-18.783856,-80.944930,27.215824,-252.476173,-79.846418,66.821241,-36.086717,-17.632105,-33.877226,56.618494,16.336721,-2.508400,48.523522,-14.483864,128.408881,69.160784,17.127764
292.130831,-187.269825,-15.083848,-78.178531,28.641062,-250.457404,-111.840696,76.216159,-34.008560,-12.471733,-29.210163,52.271351,20.270375,3.661875,54.993652,-12.852369,135.880385,46.227451,21.200641
296.360357,-178.164126,-14.092622,-77.486931,22.072572,-229.773678,-111.272450,72.619089,-28.926818,-11.348974,-28.626780,56.478264,15.236851,2.788785,52.143297,-22.237583,135.492973,33.835294,15.022293
286.369924,-186.967422,-20.868849,-80.541497,21.514870,-236.579812,-68.085756,58.739391,-33.318547,-14.954757,-30.809064,47.699840,12.247791,1.062150,50.960021,-21.224079,122.210300,65.035294,27.620600
283.112703,-179.653742,-18.348058,-75.546609,29.756466,-247.942596,-87.832303,69.632319,-31.865461,-12.925154,-28.540352,27.450568,19.882185,6.509194,57.086244,-13.758755,110.551064,55.278431,37.267796
266.972442,-173.191272,-16.664683,-69.091676,23.311910,-242.797620,-77.877852,63.991669,-32.734066,-15.861601,-30.420142,35.920485,29.276371,0.957900,51.204837,-16.634470,100.386130,69.207843,34.178622
267.580133,-180.079347,-23.722896,-84.883207,32.544976,-233.568963,-81.672923,60.070954,-36.719905,-22.576562,-35.497734,49.691112,-2.606928,-7.492836,50.021561,-9.284504,130.511971,92.956863,34.817166
271.931197,-182.061769,-21.954070,-81.963119,31.429572,-226.370611,-94.570077,57.278370,-35.047639,-22.231098,-33.898833,47.783978,-11.354131,-5.551186,55.605692,-6.293431,124.774594,82.525490,50.038682
265.125063,-179.866545,-21.560998,-79.504097,29.694499,-222.609934,-75.797665,76.031220,-34.398215,-23.159533,-35.497734,34.097490,-5.699504,-5.108125,54.136797,-12.959487,110.901579,87.968627,38.355047
275.018265,-187.673030,-20.390326,-79.235142,41.530175,-222.240787,-113.393225,65.166033,-30.542260,-20.957198,-30.722637,30.788052,12.713619,2.482551,58.158770,1.031815,113.816388,45.615686,58.892012
272.465965,-190.663462,-13.383383,-70.974365,35.457420,-213.796567,-68.927977,41.059190,-27.108431,-15.775235,-27.438407,32.274495,26.132036,5.668681,63.142519,-3.178759,91.438773,20.078431,43.618723
267.871824,-187.202625,-17.228656,-78.409064,23.559777,-205.709957,-74.021897,79.184436,-30.664027,-20.136721,-34.719890,24.337453,3.901717,-5.590280,51.344732,-19.007553,105.201099,99.639216,17.731792
264.736141,-179.720943,-16.596323,-74.912642,29.632532,-206.379034,-82.261463,77.427512,-30.574731,-19.877623,-31.651728,15.615122,-13.320958,-12.666224,50.254719,-6.507668,113.687251,68.062745,55.198810
263.715221,-182.173770,-19.570001,-78.159319,35.643320,-205.629206,-85.599908,73.238636,-29.795422,-18.020752,-31.262806,14.325002,-17.435767,-7.779522,59.808362,-0.822156,87.564660,74.196078,67.883406
258.148775,-174.714488,-20.501411,-77.679042,32.730877,-203.172076,-98.588388,67.302083,-26.442771,-17.610513,-32.191897,13.371435,15.495644,-4.990845,57.435981,-6.721904,97.582010,69.380392,51.263996
257.127855,-171.119249,-17.117571,-76.295842,30.066300,-188.867659,-35.969711,76.373358,-18.665919,-16.466163,-34.309361,-13.468666,19.804547,-9.010971,48.785824,-20.309453,105.201099,56.235294,8.136370
256.252781,-182.588174,-21.877165,-77.314031,33.288579,-191.082536,-58.790875,82.818494,-21.466560,-19.402609,-36.470039,18.083177,-1.403540,-4.476112,49.310430,-20.729686,95.626505,69.207843,31.106706
252.047562,-179.026535,-16.724498,-72.184665,39.423301,-187.264179,-68.035019,84.362737,-24.129198,-18.690089,-32.451179,34.153582,-26.506462,-9.199924,54.690547,-9.548180,110.163653,7.168627,61.912154
244.706661,-183.618585,-21.706264,-77.909575,30.562036,-188.406226,-67.892958,74.681163,-25.419928,-22.943618,-37.658412,14.437186,-30.440116,-15.956603,52.650416,-14.319066,96.751843,102.023529,70.541131
233.063310,-179.104936,-17.724269,-65.941054,22.878141,-193.355093,-51.464561,40.606088,-24.129198,-21.496986,-35.692195,23.019287,-19.376715,-11.337041,55.016968,-16.444953,71.164248,119.749020,70.696452
238.824216,-187.393027,-17.399557,-67.189776,34.899718,-190.955642,-55.300221,75.023301,-28.155627,-21.496986,-32.775280,-2.951385,-11.263554,-13.975860,55.879652,-9.853056,79.189197,77.552941,77.409796
202.265553,-165.687190,-19.997253,-76.180575,40.228870,-192.928267,-57.563058,77.936095,-18.048966,-20.287861,-35.152026,-10.131182,5.959121,-10.633356,55.949599,-14.310826,100.256992,86.305882,52.109636
204.331701,-157.119097,-12.819409,-67.343465,41.468208,-176.939620,-56.375830,71.851591,-9.306096,-13.659266,-30.312108,4.536919,-6.372366,-6.372152,55.564889,-6.746624,88.911376,49.976471,26.843992
228.906706,-188.143435,-21.894255,-70.494087,40.104936,-191.163287,-79.958038,84.103822,-21.393500,-17.891203,-30.225681,-3.736675,-2.050523,-1.518029,68.645045,-1.316548,85.184848,60.172549,62.775051
201.730785,-162.506355,-15.006943,-62.598322,47.231128,-200.703410,-40.322881,88.357427,-14.680079,-12.277409,-26.358068,-56.912047,-5.143099,-0.905562,71.256413,1.814603,81.679698,48.658824,56.769284
196.310185,-145.134966,-3.035325,-49.477134,59.996307,-187.171893,-32.692149,89.337606,-5.985916,-6.447700,-20.826734,-51.835706,7.304845,-6.854307,59.237125,10.095674,50.465415,0.407843,36.439414
222.027649,-177.368917,-12.272526,-60.677211,43.822950,-173.455802,-43.356909,70.335088,-15.297032,-16.552529,-30.657816,16.905241,-14.291432,-13.356878,59.342046,-5.222248,73.876127,60.580392,15.712612
239.140215,-196.028321,-17.929351,-66.037110,46.425559,-156.740398,-61.378424,82.827741,-21.271733,-21.734493,-34.460609,34.518181,-62.452811,-28.375341,51.187350,-2.676127,94.353582,96.329412,24.393362
224.434104,-188.714641,-13.007401,-61.195911,47.974731,-156.855756,-64.757458,76.928176,-15.207736,-17.480964,-29.166949,29.946670,-43.547982,-21.012711,56.398428,-3.648432,84.815885,56.658824,37.526665
216.752895,-186.732219,-14.682231,-61.349599,42.459678,-167.987823,-72.388190,73.774960,-13.202640,-16.746853,-27.827329,1.339666,-35.978286,-12.509850,61.685283,-1.052873,87.324834,67.623529,59.616846
190.063127,-170.111238,-16.579232,-63.731777,46.363592,-175.220783,-63.093309,88.190982,-11.303075,-16.682078,-27.481621,-29.146426,-12.596338,-15.318074,57.266941,6.733806,80.240742,60.345098,72.180636
186.976059,-178.880934,-15.946899,-62.636744,54.481254,-171.067887,-41.631876,96.106386,-18.714626,-15.840009,-22.879377,-33.577707,-24.332601,-16.288899,63.503914,8.983291,48.583703,77.223529,66.071321
201.633555,-195.322713,-18.544594,-56.758145,59.934340,-169.948913,-43.823682,104.835523,-25.833936,-18.063935,-22.295995,-18.152361,-53.058625,-19.351232,64.867887,13.218585,52.181094,74.384314,70.213230
193.125887,-191.548272,-18.672770,-59.985611,50.453407,-164.700114,-52.337224,92.379858,-19.144869,-18.474174,-27.870542,3.891859,-36.754665,-19.090608,58.077165,0.339666,77.086107,78.290196,55.060746
197.063722,-183.820188,-13.819181,-55.951278,48.656367,-152.749004,-67.801633,87.867338,-9.987991,-14.717250,-21.712612,-12.739467,-7.071107,-15.546120,55.693126,-0.500801,73.304234,58.117647,35.800870
190.986816,-176.349706,-12.588693,-53.549889,45.496056,-151.364706,-53.656367,80.534493,-5.774853,-16.379797,-17.780179,-29.482979,14.395773,-10.157717,59.645151,-0.550240,52.826780,47.215686,36.629252
186.441291,-179.138537,-13.776455,-58.890578,50.081605,-157.247974,-52.824292,72.988968,-10.913420,-20.719692,-20.286564,-11.505440,-11.341192,-13.513252,63.311559,0.990616,63.416022,66.650980,46.449027
181.531151,-167.176806,-9.640650,-56.758145,52.250446,-152.299107,-42.626307,84.871321,-7.585122,-16.271839,-16.418952,-2.110002,-21.472938,-10.880949,64.454032,-0.286564,87.693797,7.466667,25.377066
171.759487,-177.671321,-15.784543,-58.871366,46.673426,-158.009339,-41.773938,92.463081,-12.382742,-22.101549,-19.163012,-13.300389,-46.433524,-17.044709,62.682033,-3.244678,73.802335,87.968627,50.521904
167.432731,-184.839399,-15.092393,-55.432578,46.983261,-163.085100,-47.131685,86.674479,-14.688197,-21.410620,-17.369650,-32.007126,-44.583154,-12.633646,69.921584,1.443809,74.152850,93.458824,68.314855
156.202609,-188.121035,-15.382925,-56.066545,48.470466,-169.026047,-53.118563,97.548913,-17.391424,-20.546960,-16.915908,-28.865965,-14.149096,-9.102190,69.455268,0.323186,61.239139,77.333333,78.255436
152.750927,-175.106493,-18.467689,-57.891600,45.372122,-163.131243,-49.648203,93.683680,-15.232090,-23.591363,-20.610666,-34.082536,-21.472938,-10.151202,62.757809,-1.497826,67.400824,88.235294,80.792355
157.345068,-154.173465,-6.538796,-49.323445,51.073075,-148.999863,-42.240711,72.767041,3.755444,-11.543297,-12.551339,-34.138628,1.287907,6.391913,65.369177,2.168917,63.379126,-4.721569,40.840192
150.393088,-171.656855,-16.818494,-58.064500,49.895705,-157.524834,-53.585336,71.139574,-2.397848,-19.273060,-18.730877,-29.959762,1.378485,-2.632197,62.897704,3.256580,59.873976,85.678431,46.276448
152.921080,-175.812100,-18.997482,-58.775311,49.338003,-149.911192,-72.611429,65.619135,-7.187350,-22.490196,-18.666056,-29.258610,-16.064164,-6.222293,62.891875,9.815518,72.326482,100.690196,62.516182
151.778622,-183.584985,-8.666514,-39.314458,66.874632,-146.300481,-77.126955,90.567453,-8.973266,-19.143511,-7.949096,-37.111513,-35.176028,-9.186893,72.952636,23.864500,49.284733,66.980392,50.366583
133.839597,-188.009033,-15.639277,-45.193057,72.451652,-148.100069,-37.917983,94.460426,-15.719158,-23.569772,-10.239414,-61.371374,-47.080507,-7.258274,80.973266,24.531930,47.015610,90.854902,56.096223
141.034653,-184.279393,-19.390555,-54.894667,63.280552,-144.547036,-24.432288,86.239872,-12.812985,-24.606165,-16.635019,-23.116518,-36.534691,-5.147219,65.841321,13.960174,61.608103,56.847059,57.718471
142.493111,-174.468086,-15.545281,-49.265812,61.049744,-129.123644,-30.337987,90.437995,-8.632319,-21.259480,-14.668803,-28.697688,-38.126268,-9.212955,59.971572,15.113756,60.242939,57.819608,32.262989
123.751934,-174.199283,-15.229114,-52.493278,55.906493,-129.273610,-57.471733,69.465873,-4.061997,-18.733272,-13.610071,-67.036683,-4.716091,0.156481,70.650202,19.332570,34.563104,85.270588,77.841245
142.347265,-169.797635,-10.409705,-47.171801,53.303883,-128.419959,-42.839399,67.015427,3.398260,-17.437781,-13.934173,-73.347051,6.463767,-2.827665,62.903532,8.043946,41.259785,68.015686,53.559304
149.955550,-162.539956,-6.983139,-47.575235,59.438605,-112.869673,-32.854505,71.648157,1.068452,-16.055924,-11.557427,-30.801144,-15.443061,-2.182620,61.119875,2.572671,59.375875,15.670588,18.094209
131.846372,-177.996124,-13.776455,-49.611612,50.701274,-128.143099,-57.603647,85.814511,-9.135622,-21.389029,-14.387915,-1.184482,-29.935470,0.977447,67.858137,5.077592,63.065507,31.388235,66.571801
101.972305,-166.896803,-7.923095,-41.485313,56.774029,-139.217487,-33.473487,96.198856,-7.171115,-14.134279,-7.711421,-43.029236,-52.424582,2.189349,70.253834,8.711376,37.072053,70.776471,69.609201
80.289906,-170.368841,-12.503243,-57.123156,41.778042,-141.536187,-30.256809,66.423621,-8.396902,-17.351415,-15.857176,-44.824186,-19.195560,5.408057,72.597070,-7.356374,41.241337,120.831373,96.307256
105.448295,-180.482551,-18.595865,-61.215122,34.589883,-135.572168,-31.789044,68.726116,-9.095033,-22.317464,-22.252781,-52.564904,-4.664332,9.004669,70.766781,-8.353399,58.933120,109.960784,89.559396
112.594736,-192.018677,-23.278553,-57.468956,51.258976,-143.670314,-47.131685,82.014008,-14.128069,-24.455024,-19.508721,-29.146426,-40.313069,0.358465,72.789425,7.755550,76.772488,97.631373,90.111650
98.083085,-194.762707,-20.176699,-50.610590,58.818936,-149.565118,-34.802777,93.526482,-13.308171,-24.606165,-18.082673,-44.207172,-25.018402,-4.606424,68.260334,6.115816,91.992218,102.478431,60.566033
89.162188,-186.026612,-12.093080,-40.908980,75.488029,-144.304784,-35.766766,109.098375,-7.179232,-17.480964,-10.520302,-53.686748,-15.637156,1.368383,67.922255,21.153582,46.443717,74.211765,38.872786
83.765896,-191.212268,-11.409476,-36.624903,85.526665,-153.118151,-62.504768,96.337560,-6.399924,-14.954757,-3.908629,-63.306554,-17.073457,7.310613,79.073030,40.805676,69.245640,26.901961,71.662898
71.733623,-192.825086,-9.059586,-32.244770,88.748943,-160.143465,-36.771344,106.435248,-7.463355,-14.997940,-3.649348,-103.664866,3.086519,11.350286,77.400122,36.957656,76.993866,34.776471,53.455756
65.778256,-202.087587,-23.825437,-46.941268,72.947387,-167.341817,-42.545129,79.840970,-16.774472,-24.023194,-12.551339,-54.135485,20.542107,1.238071,74.433188,26.542458,66.662898,106.243137,76.080934
58.437354,-202.882795,-19.433280,-43.368002,75.921798,-172.602152,-51.342794,79.443351,-15.897749,-21.993591,-8.186770,-37.812665,-12.363424,-3.629084,72.690333,27.465324,121.693751,104.172549,49.814328
