1.411673,88.521981,27.444877,13.996368,355.578363,-137.729366,-60.769589,14.492653,20.518700,-5.929503,2.357336,-59.800793,53.551156,-4.502174,6.829068,-21.973907,-220.445777,-49.176471,-24.222293
-5.418769,38.591836,-40.565194,-33.839292,336.182727,-16.176425,-23.153735,-20.414649,18.805844,-17.157092,-11.687068,-21.686168,141.916030,42.762005,12.133410,-30.254978,-278.520577,-48.580392,-42.809110
-34.247608,2.415442,-15.212024,5.658747,357.313436,-29.454154,-113.078660,11.422660,7.140566,-13.810407,1.752346,26.412863,-3.512703,0.944869,10.909331,-20.457771,-80.885466,-91.921569,-21.322957
-32.667613,45.894316,38.553445,-0.392752,351.302647,-109.616571,-11.291600,7.206043,26.136217,4.823072,5.511925,-10.411643,41.543160,36.604761,5.843977,-29.653468,-280.328496,-46.949020,-42.032502
2.238132,25.218891,3.638361,-4.523140,356.941634,-32.315038,-149.578317,8.741039,17.092988,-5.907912,2.811078,-9.401984,19.623392,21.319158,6.928161,-25.830167,-112.431815,-80.815686,-43.672007
9.530419,92.610025,41.099870,32.746410,371.255985,-120.921675,-43.184405,41.734218,13.431861,-2.410086,13.268757,-31.165743,-59.903700,-36.454688,6.753292,-16.337835,-123.574502,-176.298039,-12.003662
-37.188830,-40.626627,7.338369,-18.643305,350.682979,-8.781964,20.398260,4.552163,15.534371,0.612726,7.759030,-30.352407,159.591592,61.279347,47.101259,-13.256123,-424.058091,-99.529412,-2.304692
-44.432502,66.524941,26.923629,-1.391730,355.764263,-48.661295,-145.042496,4.709361,17.092988,3.376440,7.370108,-46.815457,60.033921,53.304250,28.087236,-16.758068,-176.520714,-128.721569,-14.782193
-31.257771,9.527520,76.245670,42.889876,374.416297,-82.622751,-136.143359,27.780545,15.924025,13.049439,20.118105,-52.424674,59.076387,46.293462,14.237659,-7.241016,-332.223163,-32.360784,-25.136965
-58.725383,69.784176,45.970550,8.175402,351.488548,-72.540444,-87.446708,9.896910,8.577417,-1.913481,1.773953,-54.275715,133.608774,49.798856,-1.955154,-24.239872,-282.985031,-39.184314,-55.718059
-45.015885,105.770169,17.430076,-2.409918,367.414038,-143.785672,2.386893,22.962875,-15.970809,-13.810407,5.663172,-107.479133,-63.125673,17.944076,20.766079,3.454337,-67.990204,-112.313725,8.239918
-61.715221,49.422354,35.126879,17.319890,367.723873,-146.242802,-27.222782,32.209842,12.327840,-3.468070,14.003388,-53.462379,146.263752,-5.381781,28.710933,3.652094,-382.900252,-22.007843,-4.289357
-113.976608,118.616709,69.828336,19.663645,360.039979,-129.031357,-53.392538,10.729137,29.082979,16.784771,17.417258,-91.016083,257.881178,50.326619,23.756329,-2.461891,-429.740124,-144.909804,-9.484001
-23.795331,-33.290547,1.878080,18.952834,377.080873,-16.049531,-85.569467,38.590249,-24.031785,-14.544518,12.274846,-109.358221,-63.255070,-3.133898,20.107408,14.611124,-42.052094,-81.066667,12.761501
-34.296223,-6.634257,33.298238,34.321721,357.313436,-62.677317,-118.984360,27.974731,-14.444663,-5.476081,10.287022,-95.896101,74.707485,-4.919173,-2.147509,-10.948959,-124.718288,-31.168627,-25.447608
-54.836164,-34.298558,6.680400,13.420035,367.228138,-36.698650,35.345159,28.825452,-18.162615,-6.771572,15.386221,-105.992691,-8.999115,-16.529976,15.624949,9.741360,-200.558663,-31.545098,22.253376
-25.715633,29.519738,2.108797,11.114702,358.366873,-40.136324,-46.390936,31.904692,2.034470,2.318456,19.556329,-56.659632,-48.879118,24.863645,27.743328,1.353170,-273.945434,-16.235294,-2.770657
-54.763241,88.107576,101.180133,43.984909,355.640330,-125.685969,-143.287022,9.869169,23.124514,37.361486,36.063905,-79.545235,54.586328,92.169818,30.815183,-5.148089,-326.043030,-139.105882,0.784482
-53.961089,74.421027,74.553750,51.899886,360.101946,-62.446601,-196.478904,25.098924,6.913268,15.402914,26.427283,-72.561761,3.047700,-4.202457,13.544015,-7.537652,-137.742687,-99.670588,-16.680568
-81.550240,78.889876,88.448005,55.184985,339.343038,-115.096086,-143.378347,-2.355322,12.506432,29.718090,27.529229,-122.511833,115.609720,77.874586,21.162448,-19.699702,-294.847196,-32.109804,-34.594324
-70.004120,106.363775,35.981384,-2.006485,331.535210,-142.355230,48.871443,3.590478,7.871168,4.456016,5.382284,-115.500313,-1.092988,30.623438,7.336187,-17.606775,-242.011673,16.125490,-7.430304
-41.855894,10.479530,-23.278553,-19.046738,340.334508,-51.014603,-10.774090,11.940490,-1.123354,-5.691997,5.663172,-69.785199,99.461036,25.450050,31.456367,2.498512,-229.872786,-84.596078,9.931197
-34.903914,19.439628,85.081254,20.585779,337.979767,-88.356054,-115.585031,25.626001,4.908171,14.992676,14.565164,-76.852811,88.850523,34.044129,20.905974,-4.019226,-225.519020,-125.835294,4.184298
-79.873014,72.371405,103.914549,36.146777,345.911528,-122.398260,-49.201724,23.073838,-10.061051,3.851453,10.416663,-85.603189,-37.595743,-20.699962,0.073320,-4.299382,-121.840375,-46.682353,-17.422660
-63.027832,-60.585245,-34.258946,1.912581,347.956435,-54.452277,89.267643,-38.446235,-18.235676,-5.562448,13.376791,-106.581659,96.006149,37.829694,40.048234,24.202335,-232.898283,-58.274510,21.839185
-53.474937,56.176028,32.204471,24.677745,345.477760,-116.549599,-155.057832,46.098787,5.914778,7.953841,17.935821,-79.236728,75.600320,14.640665,22.200000,13.094987,-248.081117,-23.827451,14.366491
-97.568963,-1.448600,87.790036,61.063584,353.471489,-55.098283,-261.258946,61.097368,-19.623819,17.972305,34.832319,-117.743999,-16.827604,41.133104,41.184878,20.329595,-186.390478,2.180392,34.989746
-59.892149,95.118853,34.229648,9.328069,327.755230,-2.275761,-104.676738,-0.996017,-6.765225,0.634318,9.401144,-128.233234,48.142382,1.707195,16.714961,5.159991,-249.224903,-18.823529,22.805631
-79.848707,85.341146,33.375143,11.594980,338.351568,-121.786862,-24.087282,29.518975,-9.931167,-4.396506,8.342412,-126.662654,89.083436,0.280278,4.952148,8.826734,-195.190249,-41.819608,-5.825315
-64.364752,-46.450690,-16.245975,-0.469596,351.426581,-24.147677,85.990082,30.499153,-29.900954,-7.073854,16.250492,-117.575723,-53.265660,55.402274,35.501656,30.991989,-180.634653,-75.294118,9.482490
-49.196796,77.030655,42.261997,41.775631,356.198032,-164.953902,-65.802625,62.114534,12.019364,13.438087,25.671046,-51.947890,53.162966,39.686641,23.453223,21.252461,-377.255116,-46.180392,-12.590433
-85.269306,106.946181,69.392538,54.454963,349.195773,-233.430533,-103.672160,34.123964,0.305379,14.668803,28.458320,-112.218921,59.089326,44.364843,36.434287,14.710002,-205.281392,-64.627451,-7.464820
-80.505013,117.799100,68.136416,15.514046,327.631296,-70.048707,-53.615778,2.943191,-5.644968,6.895857,11.043259,-148.314229,13.399420,6.431006,10.361410,0.957656,-156.135500,-58.196078,-8.569329
-61.982605,-38.868208,61.881437,60.083818,353.657389,-53.056443,-152.500725,47.680018,-2.154314,10.480049,23.315908,-105.095216,114.548669,-11.239307,0.539635,12.279240,-235.241199,-28.313725,4.098009
-58.579538,9.953124,80.637827,53.167819,343.618753,-120.068025,-70.987869,31.285145,8.471885,30.776074,33.903227,-117.379400,126.142596,82.005478,54.294179,17.116045,-338.311055,-176.345098,10.397162
-60.135225,12.036347,30.905623,-2.582818,325.648356,-84.168551,13.761959,10.932570,-17.196597,1.497978,7.456535,-107.479133,17.630686,38.057740,21.634592,7.615473,-183.789288,-38.619608,6.893797
-44.067887,26.215702,33.469139,17.608057,341.325978,-4.617533,-86.604486,28.224399,-16.904356,0.310445,12.382879,-93.231724,-40.765957,-7.929381,7.132174,14.405127,-181.003616,-7.247059,1.405768
-82.814237,55.940826,43.099413,10.288624,318.212329,-79.842618,12.452964,16.425269,-0.392752,7.284504,7.175647,-76.740627,137.050721,32.232792,7.639292,-4.381781,-335.894347,-43.074510,-24.532937
-94.311742,-35.788174,-40.035401,-15.819272,324.099184,-35.787320,-33.757610,25.135912,-33.164309,-19.726482,-4.664866,-98.728756,79.611612,38.448676,17.198764,10.120394,-41.849165,-53.992157,13.158434
-47.859876,70.008179,88.294194,44.465187,339.095171,-104.736919,-116.650492,39.940307,12.246662,32.676127,30.100435,-102.122332,118.663478,100.685710,47.684154,23.065232,-403.100984,-170.556863,-1.752438
-79.119478,54.596811,26.504921,13.592935,331.783078,-154.444770,-13.858854,30.610117,-6.172625,-0.510033,9.833280,-69.869337,99.370459,33.633646,9.411292,15.344472,-312.354498,20.894118,-9.104326
-85.998535,104.997360,80.953994,58.009018,355.764263,-246.777478,-165.783474,51.406546,-17.846021,5.082170,28.717601,-100.691981,-122.505730,-28.264576,30.681117,38.045319,-23.345663,8.376471,29.294621
-50.023255,41.750271,81.629053,65.270817,354.896727,-134.257084,-23.711833,50.065736,-10.304585,4.823072,26.492103,-83.976516,-4.547875,-40.383597,14.651514,33.727626,-291.821698,-50.525490,16.437446
-89.255756,-22.538430,-75.283742,-33.205325,320.505104,-1.306752,31.377584,23.785855,-26.191119,-23.526589,-6.587869,-118.220783,171.884260,74.427832,39.616892,23.856260,-245.553719,-57.945098,14.280201
-66.625360,0.130617,40.125734,22.391623,330.233906,-102.314397,-35.005722,21.779263,-16.620233,12.596017,19.880430,-174.481224,65.403876,86.722774,52.580468,31.066148,-234.558618,-78.949020,25.739483
-43.338659,7.892302,33.127337,31.497688,335.810925,-49.261158,-32.235523,37.351156,-4.540948,6.399252,18.843305,-96.428977,75.186252,-21.045289,21.698711,37.699245,-303.370245,-97.192157,42.065507
-73.042573,127.028000,121.235370,48.960586,312.573342,-120.990890,-242.872129,-22.578439,19.041260,34.748913,30.035615,-90.455161,101.492561,40.396841,51.064942,22.265965,-277.339895,-127.262745,45.793225
-69.323507,74.376226,131.130541,94.894347,325.586389,-159.820462,-152.054246,-15.652461,-4.402945,28.638514,35.415702,-108.544884,-24.940764,41.322057,35.519142,19.769284,-179.177249,-97.082353,24.496910
-57.291234,-77.822232,-5.513390,15.763790,316.291356,-30.538521,-64.747311,46.801556,-23.463539,-9.427329,3.243214,-67.681743,19.131685,21.612360,17.233738,21.853971,-177.406226,46.305882,5.754772
-78.074250,29.004532,66.752117,16.609079,313.069078,-72.944198,-114.367361,33.319478,-18.714626,3.030976,6.224949,-113.845594,-77.915694,-9.486610,-1.582101,19.110094,-85.737331,73.380392,12.295537
-48.102953,163.629999,40.758068,26.329900,311.395972,-179.500572,-16.101396,11.598352,14.267994,14.085832,18.022248,-83.247318,19.959823,32.982086,33.717998,29.170977,-183.789288,-192.423529,-12.676722
-31.476539,18.610819,-16.673228,-20.487572,290.389197,-50.333989,12.909590,5.328908,9.324254,-1.438468,1.233783,-48.694545,212.398306,42.807614,18.603540,10.672465,-329.529732,-97.662745,-25.861799
-81.817624,-8.851881,9.739528,7.944869,297.143587,-81.076951,-28.410010,14.991989,-14.095598,2.448005,9.077043,-103.917281,121.691356,26.948638,6.729976,13.457542,-210.299290,32.282353,-13.902037
-37.188830,57.990448,54.344701,7.637491,297.825223,-92.220554,-90.277790,-2.077913,-13.024048,4.024186,9.573999,-115.444221,14.318135,-20.419791,9.067384,18.261387,-124.589151,39.356863,-17.025727
-53.013092,61.720089,120.551766,55.127352,309.413031,-163.892607,-155.971084,19.550744,2.407889,23.672465,27.421195,-92.250111,9.051698,-38.396338,9.417121,20.032959,-149.900023,-16.266667,11.501671
-58.944152,71.273793,86.029755,49.421653,297.453422,-175.255390,-57.958801,-34.155642,19.771862,35.828489,30.597391,-90.623438,102.048966,64.107118,40.741878,19.184253,-251.180407,-145.819608,-2.460014
-39.376516,10.042725,0.433967,-17.433005,287.476753,-39.398032,27.663691,-13.858549,-12.017441,5.038987,7.975097,-115.388128,83.157076,88.833829,39.243839,20.609751,-266.473930,-57.129412,-9.259648
-75.983795,-59.902037,-25.628443,23.294545,319.699535,-20.433143,-143.276875,81.366720,-30.314961,-0.855497,26.362463,-89.950332,32.640681,48.515282,59.965743,50.660563,-267.968231,29.129412,42.755825
-63.100755,135.887297,157.013504,70.765194,309.289097,-180.019684,-267.712596,20.752850,3.682383,27.710079,30.856672,-101.533364,0.071580,-38.266026,9.796002,19.406729,-160.765988,16.094118,10.224582
-76.372717,102.398932,104.803235,49.901930,291.566567,-188.948409,-0.505074,24.220462,-12.358389,15.100633,18.756878,-136.478782,-12.143450,7.936110,7.819989,3.067063,-125.825177,-46.964706,-25.896315
-69.153353,-36.527382,-66.020905,-10.978073,298.382925,33.093065,114.138552,24.442390,-41.777295,-19.251469,4.453193,-131.402441,28.292958,28.629664,26.851499,23.238270,-163.348730,-49.803922,6.859281
-42.609430,34.212589,27.273976,-7.539284,292.929839,-123.574914,-17.126268,12.597024,-16.482231,-4.223774,7.262074,-94.942535,57.950637,-6.567620,10.920989,18.080110,-128.131197,-30.494118,10.569741
-42.560815,-56.138796,-31.020371,3.699214,300.985534,-9.889403,20.398260,17.895537,-29.746715,-14.112688,11.993957,-54.752499,16.297902,9.571527,25.726513,30.258640,-164.990616,-51.184314,17.697276
-45.477729,67.152148,45.244221,25.138811,291.876402,-108.324559,-88.085985,-43.189929,-5.304021,17.346151,23.445548,-101.280949,78.731716,68.479088,39.605234,23.518425,-237.196704,-62.133333,10.569741
-79.192401,77.971466,172.668040,64.425528,296.585885,-230.396612,-190.410849,22.722454,12.003128,47.142443,40.817395,-110.395926,120.306813,85.256764,43.837049,22.257725,-329.197665,-60.250980,-6.015152
-94.676356,-36.370581,37.716030,39.835309,310.900237,-32.984115,-59.988251,47.458091,-28.228687,12.898299,31.980224,-101.589456,52.826535,59.930617,55.174350,40.113527,-254.113664,-97.631373,16.851637
-72.945342,55.907225,-24.184329,12.209735,299.250462,-58.501350,3.137789,22.287846,-28.748226,-4.677195,13.355184,-129.607492,33.080629,21.104143,41.062470,27.193408,-86.419913,-119.137255,-4.237583
-77.636713,53.801602,45.124590,21.219745,306.066819,-68.041474,-35.371023,41.410575,-21.296086,-0.704356,13.484825,-114.378470,21.240848,-59.200656,-6.653285,25.471275,-123.648295,-25.537255,4.788327
-44.797116,30.561349,51.866636,39.912154,308.979263,-114.023255,-81.906310,24.081758,-23.220005,3.203708,21.047196,-89.894240,-50.418936,-33.757229,11.690410,35.441520,-171.281437,51.937255,30.675257
-38.282673,-31.498528,21.224079,24.389578,294.355077,-20.029389,-44.564431,19.680201,-26.012528,-4.245365,10.373449,-86.893309,24.838071,15.754833,15.508370,22.496681,-165.913024,-31.905882,0.784482
-67.986587,14.321172,29.376059,2.373648,278.305653,-113.896361,-28.420157,-14.496590,-9.200565,16.029068,16.250492,-126.073686,164.896849,121.959152,46.570825,21.705653,-257.212955,-104.925490,10.552483
-30.407004,154.591501,84.252384,54.416541,303.464210,-194.001099,-165.154345,22.898146,1.750347,22.592889,28.804028,-97.102083,-91.295293,20.042100,26.350210,30.942550,-168.938521,-8.925490,5.823804
-73.455802,52.603189,101.103227,54.224430,294.788846,-127.773953,-118.923476,18.034241,-1.310063,21.189441,25.822293,-86.192157,129.079896,6.652537,17.035554,19.019455,-299.846647,-25.709804,-6.256764
-92.585901,-41.074632,-20.988479,0.529381,296.214084,-55.132891,53.417411,10.220554,-19.307225,-0.963455,14.738018,-117.463539,273.900465,56.822675,43.003510,33.768826,-356.279561,-93.568627,14.849714
-63.197986,-5.850248,-1.574121,27.828367,316.725124,-18.679698,-6.370184,51.045914,-53.710460,-18.970779,12.447700,-133.982681,-127.280461,-53.421317,7.534371,40.624399,20.099748,-16.658824,23.495949
-78.268711,54.731212,136.813001,56.933196,306.314687,-159.901213,-87.751125,36.574411,-15.280797,23.931563,29.776333,-115.079622,-13.178622,-2.423697,14.470817,30.349279,-212.660655,-8.313725,3.045274
-71.073655,-1.560601,49.559472,25.580667,304.393713,-76.531838,-31.099031,16.776654,-22.042924,6.420844,20.852735,-120.997345,82.044266,27.919463,18.434501,34.040742,-200.152804,-69.364706,6.928313
-62.590295,-40.324224,-38.599832,-4.926574,290.699031,-13.857725,33.640421,2.702770,-56.502983,-27.736934,4.518013,-118.697566,-59.489631,9.148013,34.318379,36.875257,-62.289723,32.768627,40.443259
-59.114305,16.471595,6.885481,8.194614,297.205554,-55.317464,23.097429,13.262806,-7.715007,3.009384,16.509773,-66.223346,124.162829,18.445777,24.514092,34.889448,-338.919844,-64.596078,5.357839
-66.673976,-15.280751,-1.309224,16.205646,303.650111,-47.161639,-39.937285,30.721080,-32.076524,1.152514,20.528634,-127.644266,-11.819959,62.035157,45.020325,40.649119,-51.054795,-144.109804,17.231312
-61.763836,58.012848,77.809415,35.282277,295.780316,-140.428748,-96.924239,19.513756,-16.189990,8.428855,17.914214,-92.446433,-91.657603,-11.284916,17.029725,30.283360,-126.932067,59.168627,18.542916
-67.840742,78.721874,108.631418,36.569421,273.782071,-143.774136,-114.783398,-20.738293,10.793576,27.558938,16.574594,-117.070893,188.084703,46.495445,10.064134,8.711376,-291.544976,-39.341176,-10.743832
-55.468162,-15.280751,18.113680,20.854734,293.425574,-56.009613,5.552834,18.043488,-40.040085,-12.385367,7.931884,-132.552331,-40.274250,-18.426017,19.559487,31.511101,-105.772030,34.211765,27.137377
-64.389059,7.433097,-16.399786,-0.911452,284.378408,-67.776150,75.152819,12.060700,-12.674983,-5.519265,3.956237,-65.662425,119.724529,17.292515,12.488975,23.518425,-251.014374,-90.823529,19.267750
-87.481300,-0.518990,10.166781,12.824491,289.583627,-90.467109,-56.700542,-0.505928,-17.302129,19.893950,26.059968,-120.885161,124.331044,189.929915,99.410224,55.810483,-270.661662,-233.945098,50.590936
-63.003525,-23.120836,35.801938,37.376287,302.038972,-57.313161,-62.352560,24.784527,-34.000443,-2.971466,14.197848,-124.755520,-27.891005,-12.607584,15.898909,38.622110,-171.115404,93.411765,17.110506
-58.628153,44.113497,36.306096,31.151888,279.359091,-41.082261,-9.444800,24.941726,-27.473732,-16.142290,-5.334676,-96.877714,-33.066865,-89.400473,-36.025345,-1.860380,-67.455207,85.270588,-18.216526
-53.377707,21.276448,51.507744,32.976944,295.098680,-99.776516,-25.233921,28.917922,-28.650813,-7.030671,10.762371,-79.461097,-82.146960,-42.768307,14.295949,31.931334,-94.573999,3.560784,22.771115
-27.441474,5.114672,5.945525,13.189502,285.555779,-116.145846,-17.724956,12.735729,-18.389914,-7.354543,4.928542,-97.494728,48.608209,-9.037034,6.228687,25.990387,-119.552804,-11.654902,16.627283
-51.190021,59.536065,83.996033,45.444953,290.141329,-116.480385,-172.632868,1.657862,-8.924559,14.388113,20.161318,-99.990829,-10.124865,7.962173,27.988144,37.180133,-135.621149,-22.494118,29.122042
-83.421927,31.457359,90.208286,13.631357,258.538216,-164.953902,-70.724041,-28.006409,9.989914,27.990768,12.642161,-97.606912,186.130816,94.984558,30.313893,9.658961,-288.962234,-30.698039,-1.062119
-52.867247,-40.413825,-54.647440,-12.361273,273.906004,20.242161,78.998627,18.653788,-36.078599,-21.691310,-5.334676,-100.495659,-30.349538,17.820279,15.187778,23.642023,-84.648890,-24.266667,14.832456
-58.117693,-17.587976,13.841154,37.683665,294.602945,-18.541268,-73.707332,33.643122,-36.703670,-11.910353,11.756283,-88.576074,-87.736889,-47.009964,12.990265,37.616846,-37.403159,7.592157,27.706889
-51.797711,22.194858,66.957198,25.196445,271.117494,-157.697871,-2.564965,3.405539,-10.945892,11.235752,12.210025,-102.262562,46.628443,3.479438,13.707225,20.964065,-166.466468,-16.345098,11.087480
-51.676173,-0.138186,22.804913,16.455390,279.049256,-74.178531,-1.002289,16.489998,-19.534524,1.325246,10.783978,-98.364157,-2.917479,-0.143236,18.463645,33.480430,-169.270588,-5.145098,23.616754
-68.958892,13.335561,20.190127,23.467445,268.452918,-109.201282,-15.096818,5.236439,-7.260410,7.651560,10.892012,-91.436774,121.134951,50.170245,22.456474,21.409018,-250.534722,-25.584314,3.804623
-50.703868,26.551705,24.898451,9.981247,263.991302,-71.905974,-38.658732,-14.256168,-13.194522,0.742275,6.268162,-102.318654,71.097322,0.534386,15.467567,24.589609,-135.123049,-33.443137,15.591806
-71.973037,15.956390,50.789960,34.091188,271.613230,-134.718517,-22.108568,10.904829,-19.372168,8.148165,16.164065,-105.319585,29.263432,36.122606,31.940169,27.663081,-140.454566,-54.305882,15.695354
-64.486290,-6.735058,32.460822,42.966720,278.615488,-35.325887,-29.069581,15.667018,-25.939467,3.376440,17.633326,-96.737484,-42.202258,27.274418,38.340352,34.716411,-147.796933,-65.286275,22.667567
-54.374319,-11.864714,4.330510,9.481758,270.807660,-34.495308,-76.832685,7.307759,-32.344411,-15.602502,-1.272602,-97.074037,-29.741375,-35.711910,12.570581,31.140307,-31.333715,48.549020,36.594736
-53.742321,32.039765,36.280461,21.450278,278.925322,-152.137606,45.116960,20.919295,-21.693858,-2.518044,7.305287,-106.609705,-19.376715,-19.188342,19.029053,36.677501,-151.080705,-2.415686,31.141222
-76.883177,39.476646,65.453269,32.707988,263.185733,-48.638224,-163.906233,-0.875807,2.976135,22.312200,18.130282,-104.478202,152.643000,69.176257,41.068299,26.105745,-271.694759,-82.337255,15.729870
-97.107118,-27.869688,45.380941,27.732311,264.239170,-115.338338,-97.543221,5.698787,-15.832807,13.200580,16.769055,-117.323308,132.910033,85.093874,44.717220,28.248112,-203.086061,-10.258824,20.493065
-72.410575,4.207462,1.886625,21.258167,282.395468,-67.972259,-16.415961,13.179583,-35.818830,-5.972686,15.731930,-122.063096,-107.612192,-6.691417,37.739971,50.545205,-81.734081,30.886275,58.943786
-99.926802,29.295735,39.390860,52.860441,285.060044,-65.895811,-115.534295,48.059144,-19.388403,9.767529,23.553582,-115.360082,26.830777,18.960510,39.803418,45.527123,-214.210300,-26.023529,37.319570
-109.722774,-60.641245,14.678569,15.341146,270.126024,-76.670268,20.317082,6.549508,-31.979110,2.555962,11.000046,-141.751446,116.826047,81.262699,50.225574,40.162966,-271.049073,31.905882,30.951385
-77.466560,-50.247532,-41.043717,-17.452216,264.982773,-32.349645,108.557565,-1.902220,-51.770306,-26.247120,-8.467659,-143.939040,-60.304829,-2.795087,20.369711,39.783932,-52.973404,94.086275,39.338750
-82.692699,34.649393,19.557794,18.184390,268.824720,-92.462806,64.721447,24.784527,-29.844129,-11.564889,2.033234,-113.929732,-5.790082,-43.146212,7.639292,34.938888,-52.604440,-69.521569,26.291737
-83.421927,86.617960,55.916991,27.309667,269.382422,-193.551202,-111.191272,-2.836164,-0.498283,21.340581,23.078233,-131.542672,77.347173,62.243656,48.954864,46.639506,-244.428382,7.576471,41.133577
-81.453010,47.943938,98.163729,52.553063,283.386938,-183.515038,-36.568399,29.426505,-20.744076,16.439307,26.232822,-157.877943,-89.690776,-10.014374,30.372183,52.514534,-112.247333,24.956863,30.261067
-100.364340,-34.511360,30.128023,20.816312,271.985031,18.269535,59.181048,23.554681,-37.263798,-7.613642,7.154040,-137.712810,-27.463996,-25.795163,20.177356,43.392996,-123.334676,-29.349020,28.845914
-98.492653,-69.970947,-60.270085,-0.027741,272.356832,22.687755,29.206073,24.433143,-43.660624,-19.532158,1.233783,-148.426413,64.731014,30.910124,33.712169,48.699474,-144.586954,13.662745,43.428885
-97.933577,-17.655177,6.800031,22.257145,270.249958,-52.248936,44.964752,21.242939,-30.420493,-1.546426,12.858228,-136.590967,58.545861,44.912154,52.300679,45.980316,-183.936873,-93.882353,34.247654
-102.770794,-5.234241,18.310216,30.287388,277.624018,-29.996338,-18.638209,17.368460,-8.973266,19.958724,29.949187,-133.786358,143.624063,101.604410,80.734279,57.474937,-397.935500,-115.592157,36.111513
-108.750469,-18.159182,31.290150,42.083009,274.959442,-79.242756,-25.720989,24.655070,-34.536217,6.226520,19.405081,-172.489952,24.087572,60.738552,39.721813,45.181048,-93.374868,-73.615686,37.630213
-107.316320,28.298924,51.131762,47.366064,286.671183,-105.613642,23.290227,41.105425,-37.482979,-0.574807,17.309224,-148.622736,-119.115541,8.809201,27.778302,52.852369,-160.230991,41.756863,52.730922
-111.448615,35.130999,34.938888,26.906233,282.891203,-115.003799,-5.142367,28.668254,-31.037446,-7.894331,8.731334,-160.542321,26.209674,-43.771710,12.215015,51.187915,-157.279286,76.596078,48.796109
-93.801282,24.625284,46.312352,20.777890,267.957183,-97.780819,9.845121,17.183520,-30.306844,-9.945525,1.622705,-175.462837,31.721965,-38.676509,4.275990,36.792859,-83.652689,32.784314,35.800870
-93.582513,-37.288991,37.587854,24.428000,264.672938,-0.141634,-12.864424,14.982742,-41.257755,-13.378576,4.626047,-147.669169,-48.581506,-8.313802,19.279698,37.188373,-118.021607,84.031373,34.385718
-100.024033,-35.732174,-15.955444,18.126757,273.286336,10.782788,51.519875,29.537469,-53.020447,-20.439002,4.345159,-158.186450,-73.347997,-12.457725,25.528328,47.644770,-68.100893,25.349020,51.281254
-97.277272,11.207538,21.890593,34.744366,288.096422,-56.067292,-94.428016,33.393454,-15.913985,10.372091,22.408423,-128.990478,40.896178,49.381857,50.050706,64.602426,-204.561913,-92.125490,62.447150
-95.381277,35.097398,96.018921,64.502373,258.042481,-117.068711,-203.855955,-2.595743,-5.304021,22.787213,18.908125,-142.200183,133.401740,70.642267,34.493248,30.884871,-199.802289,-10.964706,12.450858
-68.813046,29.351736,30.093843,27.232822,262.132296,-94.008606,101.687877,21.048753,-32.555474,-7.527276,4.150698,-174.340993,-42.991577,-9.291142,18.527764,39.157702,-201.868482,65.631373,32.539117
-96.620966,-37.042588,-6.333715,-7.424018,267.647349,-15.092058,105.614862,28.880934,-46.225849,-16.142290,2.962325,-146.210773,-75.237186,9.734417,35.320958,53.305562,-56.865965,-51.529412,51.384802
-93.315129,-46.338689,-16.562142,16.993301,263.247700,-3.152483,57.009537,32.228336,-42.637781,-14.091096,3.826596,-140.180865,6.877836,21.534173,31.811933,41.596704,-153.054658,-2.588235,36.905379
-93.679744,-20.813611,-2.778973,9.116747,261.822461,-40.401648,50.363088,22.620737,-36.005539,-13.939956,-1.683131,-141.470985,4.639277,-8.822019,14.657343,39.470817,-144.550057,49.725490,51.885283
-103.329870,-7.037461,30.854353,42.428809,268.638819,-47.346212,-55.838025,27.013046,-32.433707,0.742275,11.043259,-150.557916,-34.334951,23.084886,31.129946,45.914397,-137.115450,37.913725,49.313848
-84.977615,-9.266285,8.979019,35.147799,270.869627,-50.633921,33.914397,29.907347,-39.358190,-11.586481,5.144610,-143.490303,-36.884062,-30.232288,21.885237,49.474022,-136.783383,38.415686,49.572717
-88.720989,6.425086,6.355688,7.253269,270.745693,-45.465873,90.059129,23.425223,-38.156756,-12.774014,2.746258,-148.426413,-40.649500,-22.915267,23.214237,50.693523,-70.757427,-49.349020,36.422156
-100.923415,16.953201,38.912337,33.188266,269.506355,-108.659098,46.639048,26.273289,-29.917189,1.865034,12.793408,-151.932174,-18.885008,12.679469,29.888380,45.823758,-153.589654,1.741176,27.758663
-88.575143,-3.531823,38.895247,24.389578,268.143084,-65.965026,-15.624475,15.685512,-34.381979,-5.216983,4.345159,-143.181796,-15.352483,-20.341604,8.373739,42.832685,-88.356970,35.952941,41.996475
-93.728359,-8.605478,27.197070,33.034577,267.895216,-30.792309,4.396048,25.422568,-33.026307,-2.453269,7.564569,-143.826856,-28.046281,-10.920043,15.992172,41.324788,-108.502358,1.176471,35.956191
-83.057313,-2.434211,0.357061,14.918502,255.439872,-55.432822,79.069657,16.203342,-31.199802,-6.015869,2.919112,-137.937179,-9.452003,7.597299,17.979843,36.075990,-143.498512,8.941176,29.639780
-62.420142,13.940368,5.697719,12.171313,257.980514,-51.164569,-61.662547,6.438544,-22.310811,-0.466850,7.434928,-138.806607,11.290257,44.495155,28.308736,41.135271,-132.780133,6.352941,34.506523
-107.535088,12.529152,89.601587,46.098131,258.476249,-111.127764,-45.081941,11.801785,-20.890196,17.518883,21.846647,-146.238819,27.464820,48.788937,41.773602,37.707485,-149.088304,-56.250980,22.753857
-95.648661,-30.479316,39.655756,30.018433,263.309667,-5.332753,4.609140,20.789837,-34.852811,-1.697566,10.459876,-152.044358,42.914763,10.170962,24.001144,40.286564,-189.305287,-8.015686,31.296544
-85.658228,-38.016999,-20.774853,20.643412,264.610971,-18.033692,11.367208,24.266697,-45.503365,-14.134279,4.409979,-158.298634,-35.240726,11.812894,22.590539,46.235752,-94.223484,57.050980,47.001282
-85.001923,-26.637675,-8.435798,22.084245,271.985031,-33.791623,78.460822,29.269306,-47.070100,-14.307012,10.675944,-143.546395,-69.181430,-22.211582,29.940841,56.650950,-105.845823,-4.549020,61.618769
-86.606226,-26.850477,-5.863737,9.981247,262.813931,-14.872877,65.441901,16.360540,-43.425208,-17.070726,3.740169,-142.396506,-4.974884,-15.311559,17.589303,42.008698,-129.035157,34.588235,34.075074
-83.324697,-13.488731,19.737240,16.263279,261.388693,-30.988418,-2.869383,4.644633,-28.788815,-0.337301,10.913619,-136.198322,-25.070161,2.762722,18.865843,43.425956,-87.286976,16.894118,13.572625
-82.425315,19.294026,36.425727,43.331731,271.737163,-82.057496,-49.313344,19.439780,-25.322515,5.254902,17.892607,-141.358801,-33.377417,7.616846,28.425315,47.315175,-54.744427,-39.764706,11.795056
-85.172076,20.996445,28.504463,32.304555,272.728634,-80.730877,63.960403,23.489952,-22.538109,4.952621,14.846052,-141.583169,-23.336248,18.354559,17.764172,45.008011,-197.164202,-7.858824,15.626322
-84.126848,-49.519524,0.245975,5.005570,256.493309,13.343740,29.723583,-1.745022,-10.645533,4.952621,8.385626,-115.416175,190.944366,33.627131,21.774487,38.135958,-330.913344,-28.533333,18.370336
-74.355184,-8.336675,18.421302,19.778912,253.209064,-54.256168,9.632029,0.428016,-25.898878,-0.531624,6.073701,-138.526146,15.974411,22.329076,21.174105,29.088579,-87.102495,-15.984314,9.016526
-73.528725,4.207462,48.183719,48.557153,274.835508,-47.080888,-8.409781,23.711879,-27.019135,7.090181,22.386816,-129.607492,-90.324819,-11.310979,33.717998,54.673381,-99.112245,-73.756863,42.911147
-104.618173,-43.908263,28.632639,35.435966,266.160143,-46.042664,11.874571,17.405447,-28.780697,1.346838,11.713069,-143.406165,112.530083,13.884855,29.824262,44.118105,-169.252140,-63.262745,26.481575
-68.132433,-2.367010,2.006256,14.111635,275.765011,-36.283360,97.375296,25.293111,-37.426154,-16.595712,-1.618311,-125.428626,-113.939681,-63.774609,-16.999664,42.478370,-60.168185,61.756863,24.082719
-83.300389,-18.539986,-11.042039,11.787091,259.033951,-14.722911,50.870451,9.665736,-34.909636,-12.709239,0.952895,-119.875502,-54.753719,3.205783,13.165133,36.240787,-75.055848,13.600000,26.464317
-90.592676,-33.436149,-7.282216,13.439246,257.051011,-28.588968,47.643626,8.047517,-39.260777,-8.973907,5.317464,-152.549187,20.218616,39.738766,31.852735,38.663310,-154.401373,20.360784,32.849760
-76.883177,-19.917601,6.697490,21.469490,263.433600,-7.859098,38.927138,12.615518,-36.979675,-10.183032,5.965667,-141.695354,-34.554925,-29.952117,11.964370,41.918059,-79.704784,-2.274510,37.112474
-84.953307,0.377020,15.644160,21.123690,255.625772,-39.963287,27.065003,7.048844,-33.675731,-6.080644,5.231037,-151.034699,-56.448814,-0.983749,23.563973,37.229572,-33.510597,-18.243137,32.073152
-80.164706,-16.893568,7.022202,22.526101,264.239170,-57.324697,30.809339,18.801740,-32.393118,-6.663615,7.888670,-130.000137,-32.018753,-11.897383,22.689631,47.661250,-144.568505,41.647059,48.778851
-80.213321,-19.234394,0.280156,15.302724,248.995315,-17.722225,26.324254,3.590478,-33.854322,-11.953536,-0.624399,-116.650202,-39.976638,-23.899123,6.660029,32.574044,-43.564843,22.478431,31.641703
-71.851499,-19.637598,3.800717,16.493812,252.217594,-24.897505,45.837415,9.425315,-30.534142,-3.705577,7.737423,-121.474128,-31.423529,19.716320,35.455024,38.688029,-126.507759,-33.788235,34.558297
-78.779171,-13.376730,11.012741,14.918502,240.257984,-78.308354,0.012436,-3.631403,-12.536980,7.673152,7.888670,-127.616220,160.186816,61.390112,35.052827,26.377661,-238.488075,-26.776471,14.884230
-85.560998,19.641230,34.434730,28.174166,248.561547,-44.808331,-9.099794,1.657862,-28.017624,-2.388495,6.073701,-134.179004,-41.115328,-11.695399,10.454673,31.148547,-66.957107,16.752941,27.016571
-82.303777,-19.715999,11.106737,24.773800,261.574594,-18.991165,62.671702,19.744930,-43.628153,-12.514916,5.468711,-138.021317,-121.548196,-15.050935,21.418921,44.439460,-48.453605,4.956863,44.170977
-69.761044,-0.765393,-8.751965,8.367514,249.800885,-43.008743,48.688792,4.191531,-28.967407,-13.788815,-2.828290,-124.811612,-19.363775,-24.641901,1.944411,32.269169,-70.370016,29.317647,32.590890
-75.935180,-23.893645,2.971847,18.626246,249.614984,-5.794186,53.772564,4.376471,-34.511864,-14.026322,1.168963,-122.960571,-30.931823,-20.836790,12.121752,34.362097,-91.511604,11.027451,32.435569
-64.243214,-31.386526,6.364233,19.298634,251.473991,-9.474113,9.997330,1.741085,-29.836011,-9.794385,3.956237,-121.754589,-21.524697,-7.786038,17.834119,35.235523,-98.171389,19.215686,29.001236
-70.563195,-2.232609,13.678798,23.313756,256.059541,-20.836896,5.319448,3.932616,-21.174319,-1.827115,8.061524,-114.911345,-17.526345,-15.526574,14.004501,37.831083,-125.696040,-1.552941,29.795102
-70.417350,-10.778302,16.276493,18.607034,249.243183,-52.871870,58.206912,-1.079240,-21.344793,1.433204,4.971756,-121.137575,13.308843,16.276081,24.933776,33.455711,-131.747036,-49.066667,21.839185
-54.058320,18.554818,28.222477,32.823255,253.518898,-73.001877,-40.830243,3.895628,-19.745586,0.224079,6.073701,-114.686976,-47.274601,-27.743328,10.501305,31.494621,-60.315770,29.160784,23.271595
-75.035798,-28.306493,28.436103,33.822232,259.467720,-10.523873,-15.939040,14.039551,-31.605692,-4.741970,5.576745,-118.921935,-68.741482,-40.162066,2.095964,35.235523,-50.058595,35.811765,29.691554
-75.473335,-48.847517,-8.786145,9.039902,250.172686,3.203754,95.650263,5.088487,-35.250584,-12.104677,-1.942412,-118.080552,-25.937118,-18.562844,10.308949,31.692378,-108.354772,16.235294,32.090410
-69.931197,-16.871168,-21.757534,10.941802,251.969726,0.250584,16.177005,2.822980,-28.261158,-10.744411,-0.710826,-123.858045,-12.557519,-11.180667,13.409949,32.236210,-79.778576,16.266667,31.693477
-86.533303,-13.499931,11.636530,30.825299,259.591653,-53.979309,-24.411994,3.867887,-21.718212,-1.913481,5.879240,-117.603769,26.222614,19.097337,20.457145,34.658732,-118.113848,-7.905882,33.574594
-82.230854,-8.560678,1.066300,20.720256,248.561547,-28.104463,57.719844,-5.073930,-21.458442,-6.685206,-0.624399,-128.457603,55.285069,18.960510,16.784909,24.317693,-188.106157,18.023529,7.929274
-53.839551,-6.623056,2.262608,11.210758,249.181216,-1.341360,58.907073,-1.005264,-26.199237,-13.616083,-3.346853,-120.436423,-46.511162,-26.348989,8.845884,29.788968,-46.977752,-25.160784,11.346349
-73.844724,-27.208881,13.063554,24.793011,254.572335,-52.618082,31.205081,3.636713,-34.519982,-9.362554,5.792813,-116.790433,-57.147555,-9.278111,23.692210,37.394369,-45.520348,-3.796078,36.076997
-75.449027,-41.153033,1.185931,16.666712,250.544488,-20.490822,63.321126,-1.560082,-38.838651,-12.450141,0.736828,-133.337621,-51.648203,-19.755200,10.903502,32.780041,-54.246326,43.482353,29.380911
-74.476722,-5.536645,14.362402,19.490745,255.439872,-34.287663,35.680018,-2.290593,-18.868864,3.095750,8.212772,-121.137575,23.155917,37.021759,30.692775,37.822843,-160.563058,-75.011765,27.275441
-97.350195,-30.669718,1.168841,21.892134,259.901488,-25.243580,22.640803,2.952438,-30.631556,0.029755,9.790066,-142.312367,12.066636,40.742168,39.412879,44.076905,-137.226139,-22.290196,31.158480
-68.958892,-26.884077,-4.881056,16.071168,253.085130,-36.767864,42.438087,0.501991,-32.563592,-17.696880,-4.103090,-111.265354,-45.281895,-47.993820,-0.340536,33.274434,-60.444907,86.854902,25.083680
-79.095171,38.356634,28.760815,22.468467,246.764508,-70.856214,12.392081,-11.565301,-10.450706,-0.877089,2.141268,-113.480995,25.743847,12.099580,15.747356,29.063859,-153.220691,-14.400000,20.596612
-73.917647,-18.831189,8.047608,16.359335,247.941878,-5.886473,46.151980,-5.499290,-35.331762,-18.366217,-3.519707,-115.079622,-85.213657,-32.858076,10.851041,32.137331,-5.211124,8.800000,29.553491
-63.927214,-65.591699,-27.525444,7.771969,251.350057,15.443259,39.343175,-1.384390,-34.446921,-19.510567,-3.714168,-115.247898,15.198032,18.321981,18.626856,32.845960,-59.430259,-30.886275,22.891920
-90.203754,-12.659922,2.245518,21.315801,256.865110,-20.456214,36.014878,0.058137,-15.240208,6.312886,10.395056,-128.457603,37.273075,84.735515,36.988037,41.003433,-194.212497,-90.603922,18.750011
-66.552438,6.906691,4.398871,21.872923,253.828733,-62.781140,27.095445,-0.117556,-24.153552,-10.809186,2.811078,-98.840940,-13.812665,-25.677882,20.054948,38.259556,-143.553857,36.941176,34.247654
-74.744106,-30.064912,5.560998,23.140856,259.343786,-30.284733,11.570153,5.282673,-39.001007,-11.629664,6.008881,-143.041566,-13.916182,12.868421,34.708919,41.011673,-73.930510,-14.854902,32.090410
-90.616983,-34.007355,2.536049,27.059922,264.734905,-9.243397,56.887770,17.349966,-39.341955,-13.961547,4.431586,-122.848386,-81.849348,-13.409003,12.413199,40.204166,-66.883314,18.415686,28.259144
-78.584710,-22.829633,-13.400473,18.703090,260.273289,-5.863401,44.640040,12.393591,-34.503746,-25.664149,-7.322499,-108.096147,2.206622,-72.616281,-6.664942,33.983062,-71.513802,47.309804,27.672374
-85.998535,-18.607187,0.177615,18.837568,255.315938,-22.486519,48.384375,-0.089815,-32.295705,-10.355764,-0.278691,-131.178073,-23.491524,16.126223,17.548501,33.653468,-76.550149,-6.023529,17.438407
-72.434882,-24.834455,-2.505531,22.103456,263.123766,-50.426276,4.264134,3.756924,-31.394629,-8.175021,7.823850,-119.651133,-45.553628,24.010101,29.620249,45.972076,-101.344472,17.725490,38.027146
-66.844129,-19.335195,22.497292,36.089143,271.117494,-38.544381,10.616312,11.348684,-36.874144,-13.939956,9.919707,-124.587243,-69.789593,-42.533745,18.364553,47.817807,-59.448707,4.486275,39.770199
-93.460975,-7.059861,14.704204,23.025589,254.696269,-57.878416,61.646830,0.076631,-34.950225,-16.315023,3.891417,-124.503105,-43.431525,-21.762005,21.966842,37.575647,-66.311421,12.172549,36.094255
-77.977020,-30.445716,-16.348516,11.268391,256.679210,-3.290913,45.259022,6.077913,-40.210559,-25.620966,-1.250996,-129.411170,-42.202258,-1.882902,31.613748,47.339895,-60.241978,-16.721569,47.467247
-59.819226,-32.092134,-10.187533,15.456413,258.600183,21.049668,61.809186,12.217899,-43.555093,-31.234760,-8.078737,-126.354147,-82.470451,-33.242496,9.475410,40.014649,-75.295674,48.611765,35.179583
-66.017670,-31.442527,-10.623331,8.271458,246.268772,18.119570,34.705882,1.898283,-31.370275,-23.915236,-11.168505,-131.037842,22.211322,-3.941833,8.000687,29.599451,-111.786130,26.729412,25.618677
-61.836759,-25.551263,-3.351492,15.360357,253.332998,18.131106,53.681239,10.192813,-33.870558,-21.453803,-4.254337,-130.673243,-43.871473,1.824475,19.052369,34.872969,-86.825772,-19.968627,25.308034
-75.205951,-7.395865,0.391241,19.932601,256.927077,8.602518,77.172122,14.270726,-40.267384,-25.232319,-2.763470,-131.542672,-74.098497,-29.235401,14.435843,35.622797,-86.438361,16.549020,28.431724
-82.255161,-8.471077,1.450828,19.183368,257.670680,6.964431,32.290837,8.620829,-30.493553,-14.674067,0.153445,-141.050294,0.589166,8.717983,17.519356,36.331426,-112.062852,-26.164706,25.808515
-78.754864,-31.184924,7.364004,23.640345,261.078859,4.564981,32.341573,13.087114,-36.947204,-16.250248,-1.186175,-144.780423,-29.857832,4.808621,15.415106,37.270771,-107.912016,15.184314,32.245731
-80.310552,-6.947860,7.415274,20.681834,255.006104,-27.885283,60.571221,7.381735,-37.231327,-20.115129,-4.405585,-141.695354,-32.070512,-13.597955,14.132738,33.645228,-97.046052,30.698039,31.866056
-76.372717,-0.720592,0.878309,16.743557,255.439872,3.515221,67.420615,13.013138,-35.234348,-22.878843,-6.847150,-135.328893,-62.310475,-21.670787,10.792752,31.642939,-96.750881,31.043137,27.706889
-61.496452,-29.896910,1.305562,22.487678,260.211322,38.907118,67.491646,25.200641,-40.445975,-24.109560,-4.859327,-135.020386,-83.466804,-38.774243,8.752621,35.606317,-73.266377,-2.682353,34.144106
-59.989380,-9.378286,-3.778744,11.537346,253.209064,-8.424353,56.684825,9.637995,-30.858854,-18.366217,-4.751293,-127.363806,-32.342245,-0.156268,24.438315,33.488670,-89.242481,-32.611765,28.379950
-74.792721,-18.338384,-3.026780,11.959991,251.659892,16.769879,33.691157,5.809751,-33.813733,-18.560540,-8.229984,-135.104524,-33.506813,6.424491,14.371725,31.865415,-117.523507,43.717647,26.740444
-75.278874,-30.613718,1.373922,14.188479,250.916289,9.110094,71.875257,6.216617,-31.175448,-14.285420,-4.880934,-128.233234,-29.482582,2.313146,10.297292,32.087892,-97.581048,-8.564706,21.839185
-69.007507,-11.842313,-5.051957,10.788113,246.950408,24.233555,3.421912,-1.291920,-26.101823,-14.630884,-5.485924,-119.566995,-28.369772,5.362448,19.332158,30.588235,-54.596841,-27.639216,23.047242
-78.536095,11.767544,31.042344,33.841444,254.944137,-5.759579,-28.217212,7.770108,-27.652323,-9.103456,0.326299,-141.330755,-46.265309,-13.839033,13.223423,33.414511,-104.130144,37.066667,31.572671
-72.094575,-3.397421,36.383001,29.442100,252.713329,-18.921950,23.878767,3.821653,-23.090120,-6.901122,-0.235477,-132.692561,30.945586,-2.052308,10.518791,29.838407,-169.233692,-6.243137,17.421149
-60.232456,-31.420127,-8.546883,21.431067,257.360845,21.614923,51.458991,7.760861,-35.007050,-16.941176,-3.454887,-134.599695,-36.547631,12.829328,14.983764,37.847562,-94.241932,-36.329412,32.159442
-73.382879,-48.018708,-27.867247,10.442313,260.273289,25.110277,106.386053,17.497917,-43.595682,-25.340276,-6.631083,-141.470985,-69.556680,-19.650950,12.430686,44.653696,-80.996155,20.674510,39.148913
-67.305974,-13.600732,-18.399329,4.025803,252.837263,-4.086885,64.853361,6.013184,-33.440314,-22.576562,-6.717510,-121.838727,-12.505760,-16.086915,20.690303,39.948730,-92.710735,-12.360784,33.367498
-70.441657,-8.907881,-12.298161,11.825513,250.296620,29.736141,66.750896,4.404211,-32.774655,-18.128710,-4.254337,-131.682902,-38.462699,5.492760,24.904631,36.916457,-104.720485,-45.443137,36.905379
-80.821012,-33.928954,-14.297704,2.892348,241.249454,15.177935,51.225605,-3.206043,-29.624949,-18.042344,-10.974044,-134.487510,14.059342,7.747158,11.393133,28.429389,-117.043854,52.439216,17.973404
-75.813642,5.450675,15.797971,24.005356,257.174945,-40.943832,20.601205,9.406821,-30.688380,-14.954757,-2.893111,-133.309575,-78.019211,-21.116960,10.367239,40.072328,-40.779171,36.172549,19.595651
-77.393637,-23.244038,2.501869,21.719234,256.617243,43.775235,54.421988,14.612863,-36.143542,-20.244678,-2.849897,-130.813474,-104.791348,-32.095750,14.086107,41.687343,-56.035798,13.898039,20.406775
-59.965072,-32.316136,-26.978561,0.721492,243.852064,26.506111,74.523690,3.424033,-36.151659,-26.830091,-10.801190,-126.830930,-38.760311,-12.444694,13.474067,32.211490,-92.766079,41.176471,28.103822
-55.516777,-19.323995,-7.760739,12.651591,248.685481,28.213413,63.595102,8.611582,-34.349508,-18.582132,-2.590616,-134.992340,-40.106035,-14.966232,20.014145,38.004120,-85.276127,-35.686275,29.484459
-66.139208,-10.095094,-0.155642,9.635447,237.655375,-8.516640,51.032807,-6.710643,-25.492988,-13.680858,-5.248249,-119.034119,-22.663386,-1.720012,21.075013,30.538796,-67.639689,-21.270588,18.491142
-62.541680,-32.775341,-9.734646,7.176425,241.869123,12.790021,54.127718,-1.763516,-33.456550,-20.719692,-11.146899,-126.157824,-49.940169,-0.618875,10.227344,31.008469,-72.786725,37.317647,27.258183
-66.552438,-39.674617,-17.040665,1.028870,235.052766,6.122316,28.211643,-14.653788,-17.894728,-11.089876,-9.656031,-111.461677,62.958282,39.517235,24.438315,30.151522,-119.386770,-36.188235,16.230350
-64.291829,-13.455131,-0.172732,4.506081,233.007858,-16.084138,8.414359,-17.261433,-10.759182,-3.986267,-5.010575,-108.460746,51.157321,46.514992,30.337209,30.654154,-122.522957,-61.427451,18.957107
-63.003525,-25.304860,13.260090,23.256123,250.358587,17.058274,42.945449,9.517784,-38.034989,-12.493324,3.502495,-139.479713,-162.256336,-3.114351,29.795117,45.321126,-37.144884,8.345098,37.612955
-60.985992,-13.645533,-7.376211,4.659770,234.990799,-6.590158,49.713664,-10.390936,-33.253605,-21.907225,-10.347448,-123.297124,-83.220951,-40.448753,8.507805,31.527581,-30.411307,83.686275,28.914946
-68.813046,-27.578485,-10.153353,6.619303,241.869123,53.569146,53.366674,-0.653880,-31.118624,-23.720912,-12.443305,-113.957778,-54.934874,-55.382513,-1.232364,34.189059,-69.355367,45.286275,34.506523
-71.268116,-8.213474,-5.231403,7.599069,247.260243,-21.263722,19.921340,-5.055436,-16.076341,-9.168231,-1.704738,-111.405585,-21.447059,-0.065049,26.997223,44.596017,-80.313573,-27.780392,32.746212
-58.944152,1.452232,25.206073,22.506889,239.514382,-36.525612,-70.348592,-12.748913,-5.417670,3.678721,1.946807,-124.026322,49.889235,31.125139,21.442237,31.140307,-131.064454,-1.192157,12.468116
-61.058915,-32.450538,14.071870,27.059922,247.446143,4.541909,29.814908,1.158526,-29.998367,-13.745632,-2.828290,-130.392782,-69.582559,-21.560021,8.501976,31.684138,-51.313069,26.149020,22.615793
-51.749096,-38.431403,-41.607691,-11.612039,239.638315,40.637491,103.382467,-9.198077,-29.535653,-27.391470,-15.425040,-119.735271,-28.990875,-44.488426,5.284398,29.846647,-45.169833,18.447059,26.188190
-53.596475,-23.210437,-19.544366,5.159258,246.144839,23.218402,58.409857,-0.293248,-22.156573,-15.969558,-8.143557,-115.528359,-37.531044,-8.672160,12.180041,32.977798,-95.090547,0.658824,21.114351
-69.445045,-31.677729,-19.766537,4.371603,242.302892,-0.764569,34.289845,-13.128038,-20.987610,-14.458152,-8.467659,-118.389059,9.064637,23.345510,17.396948,32.623484,-97.691737,15.435294,16.057771
-61.812451,-21.149615,-13.998627,8.425147,242.488792,21.984070,47.288472,-9.346029,-26.929839,-17.675288,-6.285374,-128.738064,-63.060975,-10.959136,15.700725,33.628748,-49.283772,18.196078,21.614832
-61.545068,-31.554528,-16.451057,13.804257,249.367117,1.554131,46.689784,-1.791257,-30.566613,-21.712902,-4.621653,-111.265354,-70.578912,-39.067445,10.973449,36.908217,-13.199176,16.266667,26.930282
-60.961685,-11.013504,-7.547112,16.954879,250.606455,20.818952,47.745098,1.361959,-25.216983,-13.831998,1.406638,-117.323308,-56.228840,-24.928588,17.962356,38.646830,-43.177432,-55.105882,19.975326
-63.878599,3.401053,4.304875,19.490745,249.676951,-34.749096,36.400473,-6.932570,-19.047456,-4.461280,6.181735,-119.566995,-62.219898,17.787701,36.137011,39.899290,-90.939712,-31.560784,20.165164
-74.136416,-54.761181,-23.825437,4.717403,243.790097,-13.707759,10.311894,-17.335409,-19.924178,-9.060273,-3.022751,-113.509041,25.368597,22.680919,19.646921,34.329137,-113.649393,62.133333,20.113390
-58.822614,-22.941634,-1.069963,20.873945,250.234653,10.655894,49.977493,2.101717,-24.778622,-8.973907,1.730739,-132.692561,-79.817823,-24.107622,13.724712,37.855802,-34.986450,-19.403922,20.562097
-65.045365,-18.461585,-14.075532,9.942824,239.204547,5.072557,45.015488,-9.059373,-25.728405,-19.553750,-8.748547,-117.126986,-35.447761,-22.354925,15.654093,27.605402,-39.985901,22.196078,11.001190
-56.440467,-14.843946,-12.853590,13.650568,243.046494,32.839277,40.692760,-3.834836,-23.155062,-19.316243,-8.143557,-104.001419,-53.537392,-31.861189,9.813489,28.932021,-95.662440,38.415686,16.351156
-47.762646,-1.997406,2.390784,16.628290,241.187488,-13.096361,28.942245,-5.656489,-9.452216,-6.944305,-2.612222,-101.224857,2.530114,4.580575,22.946105,29.887846,-130.437217,-42.478431,12.640696
-65.118288,-17.509575,-13.537194,4.179492,230.839017,-3.867704,26.314107,-16.789837,-21.458442,-17.265049,-14.042206,-116.285603,-20.696559,20.361364,14.383383,19.052415,-46.996201,36.392157,2.130602
-57.947539,-1.527001,-2.206455,11.633402,236.106203,16.631449,34.716030,-12.277317,-16.798825,-12.730831,-9.051041,-128.401511,-15.960647,-0.540688,13.386633,23.913939,-101.934813,12.580392,10.500710
-49.828794,-32.293736,-15.750362,9.923613,240.567819,6.249210,42.174258,-4.574594,-22.749172,-19.165103,-9.331930,-109.582589,-21.304723,-25.658335,17.227909,28.734264,-58.913710,-3.074510,27.430762
-52.940169,-41.522637,-21.637903,9.923613,238.460945,10.067567,33.315709,-5.684230,-32.815244,-21.842451,-9.115862,-116.369741,-88.940276,-16.373602,14.721462,25.413596,13.624445,40.988235,20.907256
-49.610025,-25.349660,2.040436,17.166201,239.452415,16.216159,27.186770,-4.722545,-18.820157,-9.578470,-3.454887,-107.983963,-35.771252,-19.970214,18.335409,28.017395,-66.477455,-28.235294,21.701122
-50.096178,-28.295293,-19.621271,5.447425,235.238666,15.258686,31.580529,-13.368460,-25.273808,-17.740063,-11.125292,-102.150378,-62.776303,-20.113558,19.833448,25.092241,-12.110735,1.082353,29.225589
-57.850309,-0.541390,-15.596551,-0.315908,222.225620,-10.800732,23.645380,-27.303639,-16.912474,-14.112688,-13.199542,-113.116396,-25.652445,14.073808,19.180606,16.893568,-74.096544,59.247059,14.349233
-51.700481,-27.936889,-13.503014,5.409003,230.900984,21.441886,36.512093,-12.795148,-19.493935,-22.857252,-12.184024,-96.821622,-35.176028,-12.099367,15.712383,23.378347,-58.710780,10.525490,19.526619
-56.124468,-33.626551,-24.201419,2.815503,229.909514,12.224765,33.599832,-17.492607,-21.499031,-22.792477,-8.035523,-101.393133,-16.995819,24.374975,34.912932,25.504234,-49.634287,-29.411765,17.990661
-53.402014,10.781933,-2.736248,10.269413,234.247196,-10.846876,30.180209,-13.479423,-17.018006,-19.424201,-6.371801,-108.629023,-46.925231,-9.662531,24.111894,25.512474,-39.506249,-25.537255,18.491142
-52.381094,-23.456840,-11.922179,8.309880,235.982269,10.402106,21.991379,-14.487343,-14.947967,-18.841230,-9.526390,-105.656138,-7.925124,-0.579782,13.683909,22.908675,-87.619043,20.690196,13.520851
-51.335866,-47.268299,-16.399786,5.908492,228.732143,10.828931,38.785077,-18.574502,-24.096727,-20.546960,-10.671550,-117.491585,0.615045,9.721386,17.641764,20.543832,-120.788830,76.909804,17.628244
-46.401419,-14.373541,-7.470207,9.885191,234.804898,13.182238,39.211261,-8.217899,-22.448814,-25.275502,-11.190112,-108.348562,-25.445411,-55.792996,1.583017,18.928817,-22.441703,15.843137,14.107622
-45.818036,-4.427832,1.305562,11.671824,233.627527,-3.244770,12.960327,-12.249577,-12.610040,-10.118257,-2.072053,-100.355428,-46.976989,-10.972168,18.172198,21.771572,-49.818769,-15.137255,14.435523
-46.085420,-14.171939,0.878309,10.480735,231.024918,6.952895,24.629664,-14.098970,-19.209812,-11.241016,-4.448798,-107.535225,-64.018509,-12.757443,22.060105,21.829252,-32.145434,-14.572549,22.581277
-61.545068,-19.760800,-16.476692,-0.911452,224.208560,5.314809,43.280308,-19.878325,-13.641001,-13.788815,-13.912566,-108.068101,35.681498,1.674617,14.453330,13.795377,-49.357565,-32.125490,11.208286
-53.499245,-25.719265,-23.064927,-2.640452,222.473487,11.428794,33.133059,-20.285191,-15.889631,-14.544518,-12.205631,-102.234516,-4.651392,20.393942,21.815290,15.262074,-67.233829,7.184314,10.362646
-50.387869,-18.808789,-13.827726,4.602136,232.264256,17.346670,40.895705,-9.124102,-20.476188,-24.584573,-12.745800,-101.196811,-53.847944,-33.926635,10.518791,17.355001,-25.522545,32.156863,9.413458
-48.832181,-20.376806,-17.262837,4.121859,232.016388,33.104601,36.370031,-9.780636,-22.781643,-26.678950,-9.396750,-117.239170,-83.570321,-19.097124,18.889158,22.397803,-14.121584,22.996078,19.336782
-40.664820,-7.698268,-9.170672,-0.296696,219.746944,9.652277,15.842145,-24.261387,-12.528862,-23.224308,-12.054383,-99.093355,-9.969589,-8.535332,17.192935,14.166171,-69.835019,30.054902,10.828611
-47.568185,-16.479164,-8.393072,-2.448341,221.110216,-20.871504,25.187762,-22.707897,-15.451270,-24.649348,-16.829480,-87.650553,5.389776,-10.705028,11.381476,11.273976,-52.954955,39.137255,13.365530
-51.797711,-19.682399,-19.681086,0.298848,226.501335,28.859419,34.584115,-21.468803,-22.286458,-20.914015,-6.825544,-102.430838,-83.583261,14.138964,37.757458,23.460746,14.712886,-54.447059,22.909178
-46.863264,-14.776745,-10.341344,-2.179385,222.039719,5.453239,20.763561,-29.504417,-14.501488,-18.970779,-10.196201,-100.832212,-23.284489,-1.693950,24.100237,15.665827,-37.052644,5.756863,16.506477
-41.223896,-24.834455,-10.452430,-1.180407,221.296117,8.037263,19.982223,-20.127993,-17.748608,-21.432212,-13.242756,-99.654276,-70.126024,-21.156054,6.869871,9.683680,-24.747723,86.290196,13.917784
-46.085420,-5.917449,-11.537652,2.239170,225.076097,19.284688,38.714046,-15.754177,-13.024048,-19.121920,-9.742458,-82.994903,-35.357183,-27.169955,11.597147,12.856031,-56.201831,3.921569,9.327169
-46.766033,-10.744701,-14.596780,-0.680919,227.802640,-12.773358,30.626688,-19.452964,-7.861128,-15.580911,-9.288716,-84.172839,24.048753,6.274632,26.525078,17.717556,-79.206683,-36.862745,5.133486
-42.512200,-8.023072,-19.168383,-6.425040,219.189242,15.131792,25.187762,-26.526894,-16.222461,-26.484627,-20.372992,-88.463890,-46.640558,-22.498268,9.685252,7.903868,15.063401,38.933333,-7.654658
-49.269718,-2.131807,-15.639277,-4.523140,222.287587,10.805859,33.183795,-21.921904,-20.354421,-29.550622,-22.274388,-97.522774,-29.107332,-38.266026,-1.984298,7.318837,9.861021,42.227451,6.997345
-48.686336,-14.227939,-14.921492,0.298848,220.304646,11.221149,32.788052,-16.882307,-8.526787,-16.422980,-11.254932,-106.525566,13.231205,14.673243,27.212894,14.207370,-66.864866,-52.690196,23.150790
-47.811261,-19.122393,-17.579004,-3.524163,211.691249,5.268666,19.058824,-22.800366,-9.054444,-20.978790,-16.937514,-96.905760,31.773724,4.228733,19.815961,6.717327,-68.469856,6.901961,17.818082
-50.582330,-13.511131,-14.246433,-1.622263,222.411521,-16.741680,30.332418,-17.973449,-14.485252,-26.031205,-17.434470,-94.690120,-48.270954,-17.826581,16.895659,12.847791,-18.788968,44.282353,25.566903
-32.497459,-21.317617,-22.065156,-8.307729,215.285328,10.702037,30.251240,-23.188739,-15.995163,-32.249561,-24.715953,-86.528710,-60.369528,-42.136294,3.232609,4.706798,25.726436,48.298039,31.279286
-54.082628,-23.109636,-21.706264,-6.674784,218.259739,19.550011,6.740063,-21.219135,-11.213779,-22.403830,-18.125887,-92.418387,-25.704204,0.345434,13.771344,8.859693,-37.071092,45.756863,20.562097
-64.073060,-13.007126,-20.279240,-9.786984,218.569574,1.634882,-13.534142,-30.086976,-2.690089,-17.329824,-14.409522,-77.525917,-0.808316,25.059113,30.855985,12.864271,-90.902815,38.023529,27.499794
-46.984802,-12.525521,-17.878080,-11.035706,211.009613,-20.456214,27.308537,-31.372305,-11.002716,-25.880064,-22.382422,-76.656489,-25.316014,-25.716976,10.821897,3.783932,14.731334,35.717647,23.927398
-43.824811,-12.391119,-12.152895,1.528359,233.069825,10.805859,42.072786,-11.556054,-12.082383,-19.834440,-14.928084,-94.493797,-62.608087,-35.509926,10.378897,18.829938,-3.403204,7.309804,-1.062119
-32.959304,-22.068025,-17.066300,-2.698085,231.024918,16.965988,19.200885,-19.508446,-8.510552,-19.035554,-17.088762,-85.631235,-36.573510,-17.090318,9.032410,16.877089,-10.265919,-4.000000,-0.475349
-38.598672,-19.155993,-15.348745,-4.599985,220.738415,10.967361,41.727779,-22.264042,-14.809964,-23.245899,-18.277134,-100.159106,-54.287892,-14.888045,13.479896,11.751888,6.669490,6.949020,13.486336
-41.855894,-27.511284,-29.003738,-9.806195,220.490547,18.500252,16.623484,-25.112108,-10.312703,-24.066377,-16.915908,-105.964645,33.417060,7.805798,22.106737,13.416342,-80.442710,21.286275,17.438407
-42.803891,-29.930510,-28.747387,-4.696040,223.093156,10.402106,18.987793,-21.311604,-11.554726,-25.577783,-12.875441,-89.697917,-8.779141,-0.084596,22.269947,17.190204,-52.641337,15.545098,21.338705
-41.223896,-20.612009,-27.277638,-7.385595,221.482017,10.355962,6.587854,-26.443671,-15.548684,-29.723354,-17.607324,-78.227070,-15.054871,-10.685481,20.964263,15.031357,1.872969,-1.568627,15.177615
-39.084825,-14.519142,-20.655222,-2.121752,228.918044,-10.004761,22.803159,-21.117418,-15.029145,-26.592584,-14.820050,-78.339254,-64.251423,-4.625971,23.832105,19.011215,36.389471,-32.015686,12.364569
-53.134630,-25.271260,-25.124285,-0.873030,230.839017,2.765393,29.804761,-18.935134,-16.157519,-26.527810,-12.400092,-90.034470,-36.211200,-3.205570,22.200000,20.205997,-46.534997,24.454902,24.220783
-48.734951,-29.135302,-27.807431,-13.014450,213.116487,-0.556924,-1.367590,-36.069764,0.995392,-18.798047,-19.076585,-83.752148,135.472084,38.487770,18.148882,1.649805,-133.204440,1.850980,1.888991
-40.446052,-10.643900,-10.204623,-0.757763,224.456428,0.273655,22.762570,-16.974777,-5.831678,-17.610513,-12.054383,-74.945678,-48.180377,0.964416,25.166934,13.523461,-36.111788,-22.886275,9.637812
-44.019272,-22.068025,-28.798657,-8.480629,222.845289,23.253010,20.144579,-16.022339,-25.306279,-36.438315,-25.601831,-80.218341,-107.612192,-59.148531,2.445701,10.812543,52.402472,96.109804,25.808515
-39.036210,-14.754345,-22.133516,-2.121752,228.608209,10.644358,35.385748,-8.948409,-14.680079,-29.356298,-23.333120,-78.731899,-60.058976,-49.889860,-4.688930,11.397574,19.878370,26.996078,14.918746
-46.571572,-10.867903,-18.527504,2.392859,231.148852,-4.721355,0.367590,-13.830808,-6.237568,-16.595712,-9.742458,-82.742489,-24.034989,17.716030,30.069078,22.134127,-36.646784,-48.941176,15.712612
-51.092790,-16.467964,-22.851301,-6.905318,220.552514,-11.112200,-7.628443,-26.887526,-18.536034,-30.306325,-20.934768,-96.120470,-25.316014,2.443458,20.212329,11.208057,11.207736,49.913725,18.750011
-51.773404,-25.092058,-18.818036,-3.812329,225.571832,-7.616846,32.148775,-14.866468,-22.156573,-35.207599,-21.302083,-87.454231,-33.015106,-34.161196,8.146410,12.419318,13.698238,51.262745,12.174731
-39.327901,-42.228244,-33.464256,-2.870985,231.458686,14.831861,20.063401,-8.865187,-17.488838,-32.983673,-16.829480,-84.817899,-7.769848,-12.529397,18.632685,21.516136,-38.288670,16.501961,14.556329
-66.139208,-26.548074,-35.301442,-4.542351,233.131792,3.745937,9.469673,-9.965576,-20.533013,-36.200809,-19.292653,-97.130129,-17.526345,-11.519478,18.825040,22.521401,-17.036393,43.874510,30.278325
-64.340444,-23.792844,-28.858473,-3.466529,225.509865,-2.587228,16.806134,-12.258824,-20.330068,-35.034867,-18.579629,-99.710369,-32.756313,-14.008438,14.435843,16.292058,10.672740,43.200000,28.932204
-42.730968,-18.472786,-21.595178,2.123903,231.520653,-5.851865,27.085298,-9.438499,-16.969299,-27.672160,-12.594553,-98.027604,-30.297780,0.169512,23.307500,21.928130,-36.443854,-14.870588,28.914946
-85.293614,3.333852,-17.613184,-0.565652,226.873136,-24.066926,18.145571,-13.960266,-15.727276,-23.418631,-12.832227,-81.452369,-8.054520,7.265003,26.315236,16.943008,-39.635386,9.584314,14.280201
-81.404395,12.372351,-15.639277,4.025803,230.343282,-13.211719,28.434882,-5.739712,-11.481666,-21.928817,-11.816709,-90.735622,-17.202853,-10.613809,16.796567,16.835889,-43.066743,-4.784314,18.905333
-57.072465,-4.775036,-22.765850,0.606226,234.742931,-7.732204,17.283055,-8.310369,-13.584176,-23.915236,-13.912566,-96.961852,4.781613,8.144610,20.497948,20.972305,-88.707485,2.901961,27.948501
-33.737148,-42.497047,-21.902800,3.814481,235.486534,13.701350,18.622492,-6.313024,-25.671580,-30.694972,-15.554681,-91.633097,-62.465751,-13.630533,15.112001,20.898146,-32.588190,48.925490,20.303227
-44.092195,-48.354711,-27.414359,-1.468574,233.007858,1.646418,16.806134,-11.371115,-25.517342,-32.875715,-17.240009,-98.840940,-13.269200,-14.073594,15.339330,18.500343,-3.495445,22.447059,30.399130
-45.380499,-41.186633,-29.815518,-7.116640,229.227878,-10.523873,0.945983,-12.036896,-28.431632,-37.021286,-18.752483,-84.453300,-37.673381,-24.733120,14.325093,17.083085,-0.709773,71.796078,44.602426
-38.112520,-28.519295,-20.159609,2.565759,239.762249,5.187915,14.939040,-1.652552,-32.222644,-36.373541,-12.313664,-79.965927,-106.512322,-51.557855,11.766186,24.260014,47.882673,20.062745,41.081804
-68.813046,-27.444083,-30.909285,-9.556451,227.554772,-21.667475,6.050050,-24.899428,-20.995727,-27.521019,-13.631678,-92.502525,31.294957,21.560235,21.861921,16.992447,-55.685283,36.925490,31.572671
-58.798306,-37.848997,-24.543221,1.874159,241.435355,-5.586542,14.928893,-16.336736,-23.585306,-27.650568,-7.884276,-97.747143,-18.509758,0.781979,25.126131,32.738842,-44.431907,-2.603922,48.744335
-36.386679,-29.370504,-26.021515,-0.296696,239.762249,9.998352,15.405814,-16.207279,-31.427100,-39.158846,-13.610071,-88.828489,-90.920043,-30.414725,26.052934,30.893111,56.553307,-11.654902,35.731838
-34.587915,-26.144869,-31.251087,-9.325917,224.828229,5.799313,18.125277,-19.499199,-20.468070,-35.855344,-20.005676,-90.988037,1.701976,0.632120,17.449409,10.293431,-50.999451,57.929412,2.475761
-29.920851,-15.639155,-22.355688,-2.947829,228.670176,-0.533852,13.995346,-16.651133,-14.533959,-31.234760,-16.894301,-73.711650,10.953826,-18.660578,13.817975,14.050813,-17.128634,-29.803922,8.671366
-22.847333,-19.917601,-29.217365,-11.054917,225.695766,-8.574319,-5.832380,-27.248157,-14.030655,-35.272374,-23.181872,-63.418738,-18.276844,-12.086336,6.164569,9.139849,2.131243,45.411765,2.562051
-36.994369,-10.767102,-20.373236,-3.178363,236.787839,-4.559854,-1.438621,-14.903456,-11.092012,-33.134813,-19.789609,-79.320867,-37.763958,-29.776196,-1.657877,12.106203,25.099199,26.619608,4.287846
-35.681758,-18.954391,-30.567483,-12.495750,224.828229,-10.120119,-8.541695,-25.139849,-12.886046,-31.623407,-18.558022,-57.977798,-1.584695,3.485954,20.935119,12.823072,15.672190,-31.764706,18.284047
-33.858686,-25.192859,-40.966812,-18.086183,221.853819,18.154177,-3.944991,-27.507073,-21.369146,-38.338369,-22.922591,-38.794278,-15.132509,8.633280,11.614633,7.442435,-35.964202,44.203922,10.310872
-29.094392,-6.779858,-28.567941,-17.394583,214.169924,-22.267338,-0.200656,-32.343236,-16.214343,-40.670253,-27.568048,-23.144564,-1.377661,-32.362890,-3.651377,-0.401923,29.674342,37.662745,0.629160
2.554131,-21.351217,-39.582513,-23.196338,211.505348,-14.088441,-1.215381,-35.302266,-9.379156,-39.439536,-30.182467,-20.227771,23.220615,-12.790021,0.603754,-2.148775,7.591897,13.035294,-9.501259
9.433188,-24.285649,-40.471199,-18.893050,217.330236,5.937743,6.496529,-30.983932,-14.460899,-40.367971,-28.324285,-27.603891,-38.695613,-17.657176,2.941161,1.897002,-0.100984,38.447059,-0.527123
23.847608,-22.370428,-33.840238,-20.718105,211.319448,-17.976013,-10.002899,-36.615335,-9.233036,-40.842985,-31.068345,19.513527,-29.366125,-44.338567,-7.037995,-4.802014,66.958068,-9.898039,-3.426459
22.850996,-19.368795,-37.343709,-23.734249,210.327977,-7.697597,-27.567788,-40.767224,-5.482612,-34.883726,-27.848936,6.275776,-27.748669,5.792477,8.525292,-4.480659,54.062806,-51.670588,0.853513
13.735637,-27.432883,-41.915312,-29.228626,200.661143,-13.234791,-10.743648,-47.831907,-6.115801,-34.732586,-29.988006,-14.842924,22.793606,13.102983,14.342580,-9.943694,27.423667,-29.960784,4.011719
30.848203,-7.317464,-45.470054,-35.203281,200.909010,-8.862715,-17.846723,-47.092149,2.156237,-39.180438,-41.180316,32.863462,56.190845,-35.197177,-23.615518,-21.495995,47.938018,-33.333333,-14.989288
17.090089,-5.491844,-41.223163,-34.261936,200.041474,-33.537835,-30.733730,-51.808103,1.320104,-30.587015,-35.152026,10.370504,15.042756,16.315175,-2.351522,-17.178302,16.114946,18.917647,-12.780270
31.626047,-10.285496,-35.036545,-27.365148,206.857832,-6.140261,-16.679789,-39.463401,-7.439002,-42.980545,-35.757015,19.148928,-56.034745,-49.909407,-13.047639,-11.937743,59.006912,41.694118,-6.170474
65.826871,-20.332006,-45.803311,-38.200214,199.050004,-11.746670,-30.145190,-51.410483,-9.606455,-52.070573,-44.745434,52.720089,-15.391302,-51.649073,-20.916716,-20.136416,58.877775,38.917647,-3.133074
60.892424,-26.212070,-48.247196,-43.560113,185.169421,-20.340856,-31.535363,-63.450034,-11.968734,-50.515984,-46.841291,44.755001,5.234501,-21.683818,-11.479652,-29.389792,87.048112,17.035294,5.219776
48.373999,5.730678,-39.744869,-44.904891,175.502586,-23.847745,-23.650950,-65.863493,10.647456,-41.857786,-46.949325,57.628153,66.529625,-3.772427,-10.238087,-36.517281,11.705837,-41.929412,3.304143
24.163607,-14.955947,-45.948577,-46.576257,178.229129,-41.243763,-58.131304,-70.810620,8.244587,-39.007706,-42.714397,76.867765,57.536568,24.557412,5.861463,-27.717098,22.793179,-11.215686,0.163195
43.439551,-25.831266,-48.007935,-43.310369,188.887434,-19.671778,-57.451438,-60.648203,-9.200565,-46.284047,-43.340993,63.714153,-43.250370,-12.483787,-9.748455,-20.902724,106.031266,38.698039,-0.527123
73.410849,-23.580041,-43.043259,-40.793713,193.411017,-31.346029,-22.757992,-55.146258,-3.063508,-41.685054,-41.050675,57.796429,18.458824,-3.876677,-13.105928,-21.866789,36.758434,3.027451,-41.393957
75.598535,-12.861524,-43.051804,-34.415625,200.537209,-15.265095,-24.401846,-46.944198,-3.477516,-46.089723,-39.278920,83.991470,-17.914534,-49.049348,-20.059861,-16.914626,90.885328,-35.811765,-45.311513
86.026505,-27.746487,-54.929427,-44.943313,191.118242,-13.407828,-30.622110,-57.494987,-7.885481,-51.120546,-47.057359,77.989609,-45.113680,-41.145922,-17.774914,-24.437629,113.521218,20.141176,-25.016159
76.230533,-9.288685,-51.596857,-44.194079,191.985779,-24.101534,-32.286259,-58.521401,-0.368399,-49.479591,-49.261250,71.342687,-12.130510,-36.539391,-25.655650,-29.636988,118.668254,0.988235,-36.078508
70.566857,-7.429465,-47.674678,-41.658213,194.092653,-25.820371,-37.045319,-57.180591,7.968582,-44.599908,-42.498329,78.157885,16.181445,-21.605631,-13.583902,-24.099794,62.124651,-40.627451,-25.171481
49.637995,-12.547921,-46.905623,-40.217380,196.323461,-38.463630,-35.594263,-51.465965,-4.346120,-47.320439,-42.001373,82.785489,-18.173327,-20.973617,-12.435599,-25.409934,76.588006,20.423529,-29.762097
49.200458,23.706874,-37.753872,-34.319570,197.748699,-52.156649,-39.135653,-51.188556,7.781872,-35.876936,-35.540948,35.555886,95.449744,-5.277531,-10.698573,-22.657816,41.665644,-101.254902,-25.171481
67.139483,-29.773709,-48.964981,-42.100069,190.932341,-29.258045,-43.326467,-60.897871,2.976135,-41.145266,-40.337652,19.148928,97.494209,4.398138,-3.633890,-23.976196,40.466514,-33.741176,-25.292287
67.504097,-35.228168,-48.554818,-40.447913,191.242176,-4.917464,-36.548104,-54.138338,-8.713497,-52.329671,-48.418585,73.894881,-70.190723,-42.429496,-25.737255,-29.562829,110.624857,86.666667,-32.540627
74.966537,-32.708141,-51.434501,-44.981735,183.062547,-24.712932,-47.060655,-65.354910,-1.326299,-43.174868,-43.189746,102.866484,-13.191562,-16.582101,-7.871534,-27.445182,81.070909,-19.356863,-3.512749
55.471824,-42.284245,-62.816510,-56.354711,171.102937,-39.686427,-50.104829,-74.315221,-6.359335,-46.154498,-49.542138,97.397498,7.654215,9.200137,-11.392218,-35.544976,85.258640,55.905882,-7.292241
55.034287,-28.519295,-53.690394,-46.345724,184.611719,-22.163516,-45.142824,-61.979767,-4.849424,-41.663462,-41.115496,76.194659,-10.215442,-4.248066,-7.935653,-23.836118,55.335729,32.925490,-12.210758
59.166583,-20.712810,-43.496147,-35.664347,197.129030,-37.090867,-30.388724,-50.032685,-1.001587,-38.683833,-36.772534,70.417166,-0.497765,-34.500008,-12.563836,-16.288396,70.389425,-13.443137,-25.861799
47.085695,-17.263172,-48.059205,-41.754269,191.613977,-35.118242,-37.085908,-53.916411,2.830014,-38.187228,-41.914946,60.993683,35.267430,-3.863645,-15.140230,-22.006867,49.210941,-2.258824,-30.279835
53.916136,-26.212070,-48.409552,-40.505547,191.675944,-8.009064,-46.654765,-53.315358,0.005020,-40.195239,-39.581415,60.180346,0.420951,-16.790600,-9.876692,-19.477226,56.848478,0.266667,-14.195422
56.881666,-15.135149,-39.488518,-35.126436,196.571328,-35.418173,-24.168460,-44.697185,1.360693,-41.296407,-38.263401,67.893019,-14.977234,-27.815000,-17.535927,-22.081025,93.597208,-41.490196,-18.665232
49.929686,-18.517586,-48.119020,-44.078813,191.552010,-30.884596,-36.152361,-55.423667,-2.073136,-41.447547,-38.717144,60.601038,17.281315,15.565881,6.001358,-22.105745,86.550011,-81.129412,-8.776425
41.810941,-17.039170,-44.957351,-40.640024,194.836255,-31.842069,-20.809720,-47.674708,-7.114290,-44.988556,-42.325475,40.463951,-43.987930,-11.082933,-9.795087,-22.970932,64.744289,63.921569,-20.425544
39.161410,-26.346471,-49.161517,-38.373114,202.953918,-3.556237,-53.443275,-42.625864,1.084688,-45.420386,-43.362600,59.984024,15.547402,-42.950744,-29.426978,-19.806821,53.195743,45.458824,-22.772625
36.050034,-7.485466,-38.044404,-38.738125,192.853315,-26.431769,-61.459602,-59.205676,5.119234,-33.609827,-37.442344,48.961913,31.036164,-9.154314,-11.071626,-20.243534,56.110552,-8.188235,-18.958618
37.654337,-15.751156,-31.524529,-34.530892,194.464454,-52.445045,-14.548867,-51.022110,2.708248,-28.730144,-33.142596,23.159518,16.479057,2.834394,-9.002350,-22.509499,47.679744,-12.862745,-18.786038
35.296498,-44.255467,-55.373770,-37.892836,200.289342,-11.458274,-35.147784,-45.464683,-0.441459,-34.235981,-32.991348,43.661204,31.877241,-7.095384,-3.377417,-19.271229,36.887572,-8.549020,-12.366079
28.879286,-26.626474,-45.828946,-34.012192,200.289342,-36.075715,-34.944839,-48.229526,-3.055390,-30.090410,-29.793545,37.238651,-13.230381,-7.382071,2.125109,-16.098878,45.742687,29.835294,-18.596201
29.559899,-28.564096,-45.358968,-32.936370,204.565057,-33.272511,-40.982452,-42.468666,-5.815442,-34.171206,-34.028473,36.958190,8.327077,-33.737682,-14.295033,-14.623941,89.188098,8.313725,-16.542504
19.277775,-23.490440,-39.411612,-30.227604,203.201785,-42.893385,-38.800793,-44.299565,-0.368399,-26.700542,-29.771939,27.029877,26.209674,2.769238,-5.050324,-16.205997,27.146944,8.329412,-16.611536
7.634424,-29.000900,-40.454108,-28.613870,204.565057,-45.258228,-27.334401,-42.736828,-5.206607,-29.701762,-27.611261,22.542504,0.291554,14.653696,-1.529641,-12.852369,43.215290,10.305882,-12.763012
16.458091,-22.303227,-44.666819,-24.579538,215.347295,-26.547127,-26.816892,-29.032822,-6.513573,-38.252003,-29.577478,36.537499,-0.860075,-37.731746,-14.516533,-9.581140,66.386175,2.933333,-26.603891
22.778073,-24.263249,-34.233310,-24.886915,210.823713,-35.314351,-35.533379,-33.711788,2.253651,-28.579004,-26.509316,31.517250,27.011933,-9.629953,-8.355337,-18.966354,40.706340,-13.364706,-41.618311
20.395926,-38.364202,-39.061265,-25.732204,214.107958,-29.777157,-34.985428,-32.167544,-9.744457,-33.177996,-27.676081,14.942016,-47.132265,-4.091691,-3.453193,-12.753491,75.278187,21.835294,-8.293202
14.732250,-29.840909,-39.591058,-22.985016,219.932845,-31.622889,-25.964523,-31.400046,-0.490166,-29.054017,-24.046143,26.384817,23.531167,-18.680125,-5.015351,-8.205081,1.504005,-10.996078,-8.034333
6.419043,-31.408927,-41.453880,-28.460182,211.133547,-33.953124,-32.966125,-44.234836,0.216083,-25.145953,-22.231174,26.356771,30.000992,16.706111,1.728740,-14.368505,44.359075,-36.454902,-26.120668
19.958389,-33.458549,-42.214389,-28.748348,212.558785,-27.735317,-21.925917,-41.026139,-12.317800,-33.285954,-25.515404,17.830762,-54.727840,-22.654643,-5.539956,-12.506294,90.479469,30.117647,-9.207874
15.485786,-36.460182,-38.813458,-27.345937,207.663401,-36.987045,-37.278706,-44.678691,-4.605890,-25.037995,-22.987411,21.785260,9.142275,-16.744991,-8.722560,-15.538567,48.122499,24.078431,-10.950927
0.803983,-40.581827,-35.198901,-22.831327,213.054520,-41.843626,-39.257420,-41.516228,-9.987991,-22.533379,-19.530327,11.324071,-23.646799,2.580285,3.786358,-7.372854,63.526711,14.415686,-5.117739
10.599954,-38.185000,-35.703059,-19.334905,220.924315,-35.614282,-28.602808,-31.732937,-6.659693,-29.032425,-22.620096,20.130541,8.534112,-34.174228,-14.184283,-5.255207,35.245686,17.913725,-12.141726
7.610117,-27.612085,-32.943008,-16.587716,223.836759,-35.372030,-22.555047,-27.063218,-4.971191,-28.017624,-17.456077,8.968200,-0.950652,-1.706981,4.124437,0.051270,60.242939,-77.521569,-11.951888
-8.870451,-43.068254,-46.093843,-27.422782,223.279057,-38.198306,-27.446021,-30.725017,-13.007813,-38.705425,-24.024537,5.125887,-6.100633,2.436942,10.017502,3.256580,47.144747,15.215686,-2.753399
-5.345846,-45.700282,-46.649271,-27.826215,220.924315,-37.956054,-28.136034,-31.233600,-14.355367,-41.274815,-28.648386,4.060136,20.723262,-17.878706,-16.090349,-6.499428,27.552804,86.384314,-11.917372
0.512291,-42.396246,-39.873045,-22.427893,225.385931,-32.003571,-24.432288,-28.820142,-12.155444,-32.184787,-22.252781,2.770016,18.562341,10.470680,4.923003,-1.456626,42.588052,-42.760784,-4.323873
3.234745,-43.717861,-43.812314,-25.712993,226.811170,-32.903365,-32.205081,-27.248157,-12.025559,-34.149615,-26.833417,13.231205,-32.691615,-2.593103,-6.443442,-0.533761,70.241840,13.803922,-6.343053
5.398123,-35.586572,-36.036316,-20.257038,228.298375,-33.353262,-22.524605,-23.651087,-10.012345,-31.839322,-24.586313,12.361776,-35.926528,-26.694316,-13.199191,0.265507,34.766033,35.168627,-2.511788
-10.547677,-51.949950,-46.897078,-30.765515,218.507607,-43.862394,-37.187381,-36.069764,-10.052934,-34.192798,-28.367498,14.661555,72.326589,-11.525994,-3.534798,-3.129320,-1.964248,46.133333,-1.459052
-2.647700,-36.661784,-37.839322,-21.928405,227.059037,-37.113939,-28.450599,-27.775235,-12.983459,-29.356298,-22.317601,10.398550,-26.597040,-18.426017,-3.802930,2.457313,72.529412,-2.227451,-4.220325
-10.401831,-34.063355,-36.164492,-22.158938,227.616739,-49.480339,-35.655146,-34.581003,-7.601358,-20.287861,-18.774090,9.108431,5.920302,25.371862,16.015488,5.184710,1.245731,-22.854902,1.647379
-10.669215,-39.820218,-37.762417,-24.252949,229.661646,-56.540261,-25.142596,-31.964111,-15.134676,-27.909667,-24.629526,-2.390463,-25.937118,-4.736736,3.401648,4.904555,71.127352,12.360784,5.564935
5.009201,-35.552972,-32.191043,-16.414817,233.937362,-28.992721,-41.550698,-22.865095,-12.334035,-25.750515,-21.582971,-2.614832,-20.023697,-26.414145,-3.010193,7.219959,43.787182,10.666667,-11.192538
-7.509224,-53.338766,-45.094072,-28.364126,219.499077,-40.090181,-57.999390,-36.837263,-10.044816,-27.283513,-26.293248,1.704265,81.254948,25.919173,9.772686,-2.733806,-26.961501,31.498039,-6.998856
-8.141222,-45.823484,-38.702373,-22.754482,226.067567,-41.878233,-14.061799,-22.920577,-22.408225,-38.187228,-27.200732,1.339666,-50.354238,-26.101396,0.597925,2.506752,102.876631,16.031373,9.240879
-13.877821,-28.138491,-41.641871,-25.079026,225.881666,-36.375647,-22.341955,-23.373678,-21.766918,-43.196460,-33.445090,3.919905,-26.998169,-35.138537,-11.893507,-0.706798,67.511513,63.152941,3.632044
-9.429526,-39.103410,-45.034257,-20.871794,236.539971,-26.777844,-20.576333,-16.207279,-19.907942,-41.490730,-31.457267,1.255528,-37.699260,-19.533669,-3.919509,5.802701,73.839231,-0.752941,15.471000
-6.415381,-40.581827,-39.095445,-18.316716,237.283574,-35.348959,-28.024414,-15.384298,-15.337621,-34.905318,-28.950881,-8.083818,-19.182620,-15.428840,-1.144930,4.986954,40.817029,24.909804,-1.700664
-7.314763,-31.700130,-37.805142,-23.465293,230.653117,-39.271138,-16.233310,-20.414649,-13.243229,-35.963302,-31.932616,0.414145,11.807843,-14.699092,-8.728389,-4.093385,44.764935,1.505882,-4.151293
-9.623987,-55.645991,-41.385519,-24.022416,229.785580,-34.956741,-35.391318,-23.503136,-14.899260,-31.083619,-27.006271,4.705196,5.273320,17.442374,5.803174,-1.069352,49.340078,-17.207843,3.580270
-8.116915,-38.621805,-37.736782,-24.387427,228.670176,-49.987915,-51.728389,-26.841291,-9.638926,-25.318685,-27.395193,-8.111864,38.088273,20.902159,0.970977,-2.989242,-12.627283,39.011765,-4.030488
-14.096590,-28.295293,-33.618067,-22.850538,234.618997,-38.486702,-14.873579,-20.044770,-13.608530,-33.523461,-31.435660,-0.287007,3.448829,-24.576745,-8.576837,-0.286564,30.024857,14.400000,2.182376
-16.916274,-38.935409,-33.353170,-24.214527,231.768521,-38.694347,-22.920348,-25.195331,-14.899260,-30.975662,-31.089952,-6.821744,-7.653391,-17.748394,-5.609903,-1.382467,60.888624,22.980392,0.957061
0.779675,-46.573892,-39.129625,-25.616938,231.396719,-40.159396,-24.594644,-24.279881,-16.189990,-33.221180,-30.938705,-3.596445,-9.024994,-13.226566,-0.235615,-0.673838,57.733989,8.172549,9.499748
-4.932616,-50.796338,-40.590829,-26.250904,231.024918,-24.609110,-25.091859,-23.160998,-16.977417,-35.876936,-31.284413,5.518532,-13.308019,-15.422324,-0.562036,-2.288853,33.862074,33.254902,7.601373
2.991669,-43.079454,-32.669566,-19.354116,237.345541,-18.737377,-44.818112,-22.328771,-4.354238,-23.893645,-23.246693,15.250523,11.277317,-0.169299,2.748806,2.218357,-1.872007,-35.843137,-1.338247
-5.078462,-48.847517,-39.334707,-22.216571,242.426825,-29.073472,-26.167468,-22.190066,-15.288914,-32.702983,-28.108217,8.154864,-15.145449,-8.678676,6.607568,6.816205,38.511009,-12.298039,2.734630
-15.676585,-33.010544,-38.258030,-24.848493,238.151110,-35.729641,-16.081102,-25.972076,-15.280797,-33.912108,-31.111559,0.077592,-36.314717,-18.510719,-8.670100,-1.341268,80.222293,15.811765,0.594644
-19.274113,-38.050599,-39.650874,-27.019348,233.627527,-37.598444,-35.634852,-32.999771,-8.153368,-25.772107,-26.855024,-9.205661,32.006638,22.537575,7.289555,-3.483635,5.820874,2.227451,0.353033
-52.138018,-4.293431,-34.763104,-22.447105,241.993057,-51.879789,-26.918364,-22.587686,-9.939284,-28.103990,-25.601831,-19.554665,-3.202152,-1.908965,5.278569,2.350195,56.996063,-3.090196,-0.095674
-49.755871,-8.146273,-35.591974,-26.558282,237.779309,-73.163378,-36.030594,-30.364385,-10.994598,-26.247120,-25.990753,-8.196002,14.369894,11.154818,3.955398,0.487984,66.275486,-9.976471,7.100893
-6.099382,-37.053788,-40.548104,-24.637171,249.243183,-39.155779,-36.659724,-27.146441,-15.824689,-31.191577,-27.892149,-34.110582,3.047700,-2.697353,2.189227,8.464179,20.247333,42.776471,-2.839689
8.412268,-33.212146,-34.105135,-18.720150,256.369375,-23.201740,-34.985428,-21.394827,-7.398413,-31.558633,-27.697688,-7.242435,3.151217,-27.834546,-13.991928,7.739071,13.642893,17.992157,-25.844541
-8.262760,-54.693980,-35.549248,-25.424826,243.975998,-50.576242,-30.611963,-30.928450,-12.674983,-27.866484,-28.713207,0.638514,67.500099,18.530480,2.072648,-1.506065,-33.861112,21.364706,-13.280751
-1.942779,-41.085832,-39.223621,-18.931472,253.580865,-20.029389,-28.318685,-16.475441,-21.563973,-36.524681,-27.438407,-12.655329,-58.182727,-31.522377,-4.624811,6.297093,79.189197,18.321569,1.302220
-1.967086,-50.941939,-41.248798,-21.217594,250.978256,-23.213275,-29.485618,-22.430488,-22.367636,-40.367971,-27.027878,17.886854,-78.989685,-35.861769,0.376425,8.348821,71.053559,30.682353,15.919707
-6.950149,-54.850782,-40.531014,-23.715038,251.783825,-38.948135,-23.793011,-23.836027,-17.732372,-37.949722,-28.713207,-2.053910,2.232502,-11.649790,0.632898,4.237125,36.352575,17.709804,-2.063081
-7.533532,-40.077821,-35.668879,-19.104372,259.839521,-21.552117,-29.221790,-19.268025,-14.680079,-34.322347,-25.666651,3.835767,-54.766659,-24.439918,-4.706416,8.703136,77.824033,-14.870588,-4.220325
-13.804898,-33.928954,-34.335851,-21.832349,256.245441,-33.918517,-29.221790,-24.178164,-9.184329,-28.902876,-23.786862,8.154864,0.912657,0.638636,3.110201,10.285191,-28.289769,3.309804,-1.148409
-2.477546,-44.065064,-41.146258,-28.075959,250.606455,-42.212772,-43.712062,-26.952255,-12.918517,-32.702983,-28.410712,-10.636011,26.015579,2.111162,-0.439628,4.731518,45.041657,0.454902,-15.075578
2.067979,-35.082567,-27.773251,-19.200427,256.617243,-42.143557,-26.096437,-19.915312,-14.533959,-29.140383,-23.678828,-15.600168,-27.256962,-20.752087,3.366674,9.214008,67.013413,-36.549020,-0.423575
-10.693523,-36.504982,-34.660563,-22.716060,256.059541,-42.420417,-30.825055,-22.920577,-10.239643,-28.384680,-25.407370,-15.207523,42.099565,1.791897,5.756542,7.631952,13.495308,-39.247059,-7.516594
-17.256580,-57.303609,-43.350881,-24.118471,258.971984,-39.051957,-39.683604,-24.048707,-19.794293,-31.731365,-26.725383,-9.205661,-37.556924,1.492180,5.540871,10.894942,32.367773,59.890196,0.767224
-8.189837,-35.608972,-33.353170,-17.951705,260.830991,-38.129091,-32.255818,-20.997208,-6.830167,-25.361868,-22.166354,1.956680,0.188037,4.163577,3.733898,10.029755,-16.556741,-14.964706,-8.362234
-8.724605,-40.548226,-37.813687,-21.332860,261.884428,-27.400778,-29.779889,-22.162325,-13.470527,-30.047227,-20.286564,-0.651606,-17.422827,13.200717,23.937026,13.432822,51.701442,-93.082353,-1.303731
-13.975051,-38.297002,-34.993820,-21.294438,258.538216,-52.491188,-29.617533,-24.122683,-18.048966,-34.948501,-23.311513,-16.806149,-48.853239,-12.985489,10.361410,10.894942,29.932616,54.400000,5.737514
-7.144610,-27.018479,-39.385977,-29.363104,250.358587,-55.721218,-44.310750,-30.216434,-8.031601,-39.720226,-34.871138,1.311620,31.307897,-30.851270,-20.036545,-1.456626,45.447517,48.564706,-8.724651
-4.397848,-37.098589,-40.317388,-23.715038,263.123766,-15.714992,-32.265965,-18.888899,-15.386328,-39.828183,-30.160861,-11.449348,-42.900999,-30.492912,-5.277653,9.345846,51.369375,19.090196,5.133486
-10.037217,-38.935409,-37.796597,-24.041627,258.971984,-32.534218,-30.530785,-25.861112,-10.897185,-34.279164,-26.466102,-13.777173,-15.223087,-14.738186,0.090806,8.315862,21.944564,21.286275,4.650263
-6.755688,-29.314504,-38.275120,-27.269093,257.112978,-35.821927,-38.334020,-28.450263,-12.301564,-36.071260,-27.568048,-1.885634,-39.653147,-24.641901,-2.992706,5.687343,96.106157,-13.521569,4.063493
-4.640925,-30.972122,-34.190585,-25.002182,252.899229,-34.068482,-34.944839,-28.311559,-10.816007,-32.940490,-26.314855,-7.214389,-21.240024,-17.461707,-0.527062,0.998856,37.976013,13.411765,3.476722
-10.571984,-39.764218,-36.813916,-26.904082,252.403494,-34.875990,-34.995575,-30.429114,-11.627787,-31.493858,-29.015702,0.526329,-9.633158,-8.945815,0.650385,0.059510,51.682994,-5.396078,5.237034
-5.856306,-37.826596,-35.361257,-19.411749,261.636561,-21.713619,-48.288472,-19.933806,-13.429938,-28.298314,-26.055573,-14.758785,-23.918532,-8.971878,-1.150759,3.825132,48.620600,3.796078,-12.814786
-5.418769,-33.279347,-28.303044,-17.586694,258.414282,-36.583291,-26.948806,-21.561273,-7.788067,-26.873274,-24.910414,-8.981292,16.919005,-5.570733,-0.451286,2.350195,-26.205127,3.309804,-10.433188
-1.894163,-32.405737,-33.395895,-23.522927,257.918547,-28.369787,-13.950179,-18.657725,-11.165072,-36.222400,-29.944793,-0.343099,-9.270848,-21.748974,-3.354101,0.867018,46.665095,-40.141176,-0.958572
-6.391073,-32.484138,-35.668879,-27.672526,252.403494,-33.722408,-25.974670,-23.429160,-13.722179,-34.775769,-30.420142,-13.552804,-2.283436,0.775463,0.300649,-3.088121,25.394369,10.541176,-6.101442
-6.099382,-29.045701,-36.079042,-28.191226,258.352316,-35.279744,-31.017853,-24.788464,-18.235676,-39.029297,-31.716548,-6.232776,-23.698558,-11.447807,-1.943496,1.987640,31.851225,29.882353,0.870771
3.769512,-26.626474,-41.060807,-30.458137,256.989044,-21.725154,-30.672847,-23.105516,-21.011963,-46.974975,-37.161456,2.209094,-31.630564,-36.800015,-6.921416,0.010071,74.355779,19.200000,-2.252918
-5.588922,-32.988144,-33.293355,-22.581582,260.645090,-30.030945,-24.148165,-19.249531,-18.479210,-35.855344,-27.568048,-16.385458,-37.142855,-13.135348,7.050568,5.283589,15.764431,18.933333,8.878462
-9.721218,-38.106600,-32.977188,-21.217594,265.354574,-34.945205,-24.239490,-14.006500,-19.485817,-37.215610,-27.784115,-16.273274,-35.292485,-28.850980,-3.505653,5.621424,62.585855,-1.788235,11.984894
-10.815061,-35.765774,-39.266346,-30.438926,254.510369,-38.429023,-34.965133,-24.936416,-19.623819,-43.239643,-35.519341,1.620127,-4.470237,-30.981582,-5.825574,-2.461891,59.449668,31.670588,9.586038
-4.713848,-38.106600,-42.675822,-29.055726,258.971984,-36.987045,-44.503548,-24.732982,-20.841489,-42.678264,-35.908263,2.854154,-25.251316,-28.753246,-5.767285,0.479744,104.407828,12.282353,1.060609
-4.884001,-39.137011,-40.274662,-29.324681,258.910018,-41.716732,-32.205081,-26.933761,-13.300053,-35.445106,-35.843442,-1.296666,23.000641,1.400961,-6.909758,-3.582513,42.274434,-7.686275,-6.912566
-13.027054,-43.393057,-37.540246,-25.905104,263.557534,-54.129274,-44.818112,-28.542733,-15.142794,-32.335927,-28.432319,1.227481,-7.912184,2.137224,9.621134,4.270085,33.400870,10.447059,6.669444
-2.307393,-28.855299,-34.652018,-25.981949,259.715587,-46.538705,-35.746471,-24.964157,-18.113909,-40.454337,-32.645640,11.913039,-43.146853,-32.630030,-0.841825,4.591440,82.620554,6.101961,2.061570
-5.807691,-28.967300,-31.524529,-29.997070,252.093660,-46.953994,-35.066606,-28.505745,-15.832807,-39.353170,-34.871138,4.312551,-4.030289,-17.403067,-8.495232,-5.197528,36.537057,41.945098,-2.718883
-7.655070,-37.479393,-36.796826,-27.057771,261.698528,-39.801785,-36.659724,-19.767361,-20.143359,-41.015717,-30.938705,3.274846,-38.527398,-26.961456,-4.992035,2.688029,99.020966,0.031373,1.164157
-4.592309,-32.596139,-37.788052,-28.978882,260.707057,-32.684184,-26.847333,-20.534859,-12.821103,-38.770199,-31.651728,6.051408,16.362600,8.926482,11.585489,5.637903,40.835477,-87.121569,4.374136
-13.343053,-38.061799,-35.959411,-29.343893,257.236912,-45.731197,-38.668879,-25.981323,-19.558877,-39.677043,-33.682765,-4.774380,-39.161440,8.392203,7.365332,1.188373,87.712245,1.725490,0.439322
-8.359991,-37.120989,-33.481346,-27.096193,261.202792,-41.716732,-27.456168,-18.297093,-22.432578,-46.154498,-36.686107,-2.614832,-42.590448,-35.334005,-15.746441,-1.357748,69.596155,65.505882,0.301259
-13.294438,-30.434516,-31.960327,-25.885893,263.309667,-50.760815,-38.496376,-20.895491,-16.579644,-42.224842,-33.401877,-0.118730,13.114748,-31.294331,-9.200534,-2.428931,60.999313,9.035294,0.663676
-21.413184,-27.388083,-29.499351,-22.754482,260.335256,-47.288533,-39.927138,-23.919249,-18.211322,-37.884947,-30.333715,-5.279210,-44.958404,-17.644144,-1.063325,0.512703,76.680247,29.568627,0.560128
-13.902129,-46.607492,-38.847639,-31.610803,254.262501,-50.172488,-32.134051,-32.278508,-16.750118,-41.188449,-37.766445,4.452781,58.623499,-12.477272,-4.024430,-2.865644,5.046052,22.886275,15.488258
-5.321538,-49.071519,-39.779049,-30.054704,259.777554,-48.949691,-36.436484,-28.718425,-12.739925,-33.847333,-32.883314,2.181048,34.154620,-4.430503,-3.109285,-2.684367,54.228840,-19.372549,-2.822431
2.772900,-42.609049,-31.003281,-22.120516,267.585382,-36.733257,-20.657511,-12.869123,-17.448249,-32.897307,-27.243946,0.077592,-89.224949,-14.536202,0.522148,4.558480,86.051911,0.737255,-14.816709
1.508904,-43.583459,-35.472343,-29.536004,259.839521,-43.400961,-30.124895,-23.466148,-16.287404,-35.963302,-31.911009,6.163592,-26.894652,-14.014954,1.122530,-2.890364,101.474571,-25.584314,-10.881895
-5.686152,-45.756283,-34.096590,-30.534981,257.174945,-39.882536,-40.556268,-28.487251,-12.220386,-32.767758,-29.879973,-1.380804,3.642924,6.554803,7.697581,-5.139849,46.720439,-8.878431,-6.446601
-14.436896,-51.513146,-37.471885,-32.071870,259.343786,-47.450034,-34.894102,-26.961501,-16.043870,-42.354391,-37.960906,8.659693,35.125093,-20.152651,-7.702495,-7.306935,46.425269,28.094118,-1.165667
-18.885191,-46.585092,-32.977188,-27.883848,263.619501,-47.692287,-45.396506,-28.182101,-12.520745,-37.690623,-34.222934,4.817380,-2.710445,-14.210422,-9.089784,-5.683680,76.329732,25.098039,-5.997894
-10.353216,-41.421836,-28.969558,-23.446082,269.072587,-38.821241,-36.162509,-22.504463,-14.046891,-38.208820,-28.821241,9.052338,-42.396353,-25.593179,1.344030,3.454337,67.050309,5.600000,-4.738064
-19.638727,-43.527459,-35.540703,-28.517815,259.343786,-51.660609,-29.110170,-25.555962,-11.757671,-39.504311,-31.500481,-2.783108,18.976410,-14.295125,3.255924,-6.367590,45.631998,19.592157,-6.912566
-12.079057,-42.609049,-31.182727,-27.269093,255.625772,-50.853101,-26.268940,-26.656352,-14.379721,-37.388342,-31.997436,-9.738537,-21.459998,-18.465110,-3.593088,-14.352026,90.276539,30.996078,-8.517556
-2.088624,-44.535470,-35.275807,-27.903059,263.619501,-49.330373,-32.610971,-25.592950,-12.488273,-37.366751,-33.661158,11.015564,14.758083,-27.358907,-10.622797,-9.276265,69.799084,-10.572549,-0.406317
-10.863676,-47.917906,-38.198215,-30.227604,263.867369,-60.566262,-42.565423,-29.273243,-11.270603,-34.128023,-32.753674,7.986587,-26.247669,-8.287739,-4.584009,-8.303960,83.727443,26.823529,2.889952
-11.276905,-31.812131,-35.549248,-29.939437,266.531945,-40.563149,-37.552682,-27.941680,-12.699336,-38.100862,-32.883314,22.879057,-51.855238,-30.812177,-7.848219,-6.894942,94.574960,15.607843,-3.702586
-29.556237,-30.871321,-41.154803,-34.185092,266.036210,-47.450034,-38.405051,-30.077729,-5.174136,-37.755398,-30.765850,3.975998,23.828779,-4.847501,1.926925,-2.643168,27.792630,7.513725,1.940764
-10.353216,-17.352773,-37.283894,-36.259892,261.078859,-47.830716,-36.842374,-31.732937,-4.638361,-38.921340,-33.034562,-3.792767,15.003937,-23.899123,-6.390982,-9.136187,84.133303,-13.568627,-9.087068
-11.422751,-20.108003,-36.856641,-35.472236,264.734905,-43.424033,-53.260624,-30.170199,-2.146197,-37.301976,-33.077775,10.622919,29.341070,-20.869368,-6.938903,-7.949645,32.330877,7.419608,-5.359350
-23.041794,-46.361089,-40.889906,-34.991958,266.469978,-62.977249,-45.284886,-31.853147,-9.143740,-41.922560,-36.253971,4.985657,-28.939117,-20.289479,-6.449271,-7.142138,110.772442,47.560784,5.875578
4.425818,-51.681147,-37.856413,-30.707881,266.531945,-42.951064,-32.986419,-30.669535,-10.385763,-39.741817,-33.185809,18.924559,-8.067460,-22.791470,-8.221271,-8.147402,74.337331,0.486275,-7.171435
0.026139,-56.138796,-38.087129,-27.153826,273.348302,-35.833463,-33.280690,-25.491234,-14.582666,-40.519112,-28.994095,14.072587,-19.570809,-21.364553,-1.488838,0.850538,53.583154,-2.572549,3.321401
-7.120302,-50.426734,-32.814832,-22.677638,274.463706,-44.427649,-30.145190,-24.742229,-18.568505,-39.633860,-26.163607,5.967269,-52.282246,-27.495735,1.507240,2.218357,103.282490,-10.321569,-0.544381
-26.080247,-57.314809,-37.189899,-25.117449,270.497826,-57.151659,-41.094072,-28.968093,-15.540566,-35.509880,-27.460014,1.816449,19.299901,7.271519,6.024674,-1.423667,28.290730,25.631373,-5.859831
-20.465187,-49.004318,-36.557565,-25.002182,273.410269,-52.894942,-35.990005,-22.781872,-17.107301,-40.756619,-32.299931,-1.044251,-9.387304,-24.485527,-6.484245,0.784619,83.395377,11.952941,4.840101
-3.206775,-45.095476,-32.661021,-23.657404,269.444388,-42.547311,-41.784085,-25.158343,-8.315724,-32.659800,-24.975235,6.247730,-14.394949,-0.710094,12.261646,4.245365,32.976562,-31.764706,1.871733
-9.526757,-40.917830,-38.121309,-30.880781,261.822461,-55.409751,-40.393912,-30.225681,-10.799771,-37.669032,-29.793545,6.780606,-14.239673,2.762722,16.435172,0.018311,58.767086,-21.082353,12.606180
-9.964294,-30.927321,-39.172351,-35.875669,256.307408,-51.464500,-43.681621,-30.882216,-8.965148,-39.029297,-33.596338,2.685878,-6.734676,-16.784085,0.568780,-5.271687,67.880476,22.133333,2.855436
-17.135042,-34.679362,-43.803769,-40.832136,249.924819,-49.676448,-46.583734,-36.217716,-6.237568,-37.755398,-37.896086,0.189776,11.251438,-3.876677,-7.661692,-13.684596,69.559258,53.349020,-8.137881
-1.748318,-27.757687,-38.070039,-35.741192,258.786084,-36.802472,-36.852522,-26.138521,-5.011780,-38.921340,-36.966995,5.602670,-23.155093,-33.952697,-12.592981,-9.820096,93.154452,5.756863,0.318517
0.755367,-32.304936,-39.967041,-35.260914,264.115236,-38.036805,-44.605020,-28.200595,-2.552087,-33.070039,-30.182467,-5.559670,-14.110277,-13.799939,5.057069,0.347906,55.169696,-19.105882,11.432639
-11.957519,-31.711330,-44.914626,-41.542947,251.783825,-54.117739,-34.944839,-35.219043,-8.348196,-37.366751,-35.195239,-0.511376,15.987350,0.814557,4.853056,-11.533989,35.706889,25.050980,13.261982
-9.356603,-29.191302,-36.788281,-34.915114,253.890700,-44.554543,-26.065995,-24.030213,-7.966659,-37.496300,-33.898833,14.970062,-9.257908,-36.128908,-10.855955,-21.949187,79.539712,29.301961,-15.144610
-14.436896,-41.175433,-36.856641,-34.357992,253.766766,-45.708125,-33.016861,-29.948272,-6.132036,-30.889296,-30.549783,-1.717357,-7.536934,-1.237858,-1.185733,-19.015793,79.558160,6.258824,-5.687251
-4.252003,-49.866728,-40.983902,-36.644114,251.350057,-40.217075,-36.517662,-32.454200,-5.912856,-33.998474,-33.747585,4.256458,-4.146746,-2.710384,-5.598245,-22.163424,48.067155,41.223529,4.408652
4.425818,-34.276158,-31.951781,-28.229648,259.529686,-33.526299,-26.147173,-22.291783,-4.021408,-34.516670,-31.522087,14.072587,-31.242374,-39.132601,-10.768521,-18.842756,73.009064,-5.207843,0.767224
-13.197208,-36.706584,-36.412299,-33.147692,254.696269,-42.628061,-32.316701,-27.266651,-11.871321,-37.906538,-31.392447,4.200366,-25.807721,-7.427680,6.444358,-16.346075,74.005264,1.427451,11.777798
-14.485512,-34.388159,-37.873503,-33.512703,260.335256,-45.142870,-37.613565,-23.567864,-13.291936,-40.886168,-31.846189,-0.735744,-8.740322,-23.794873,-1.762799,-13.907073,63.489815,29.882353,7.963790
-9.186450,-32.484138,-30.328222,-27.441993,263.371633,-43.112566,-33.737316,-20.849256,-2.844327,-31.385901,-27.546441,5.714855,11.549050,-10.542138,-1.622904,-8.196841,9.344472,-2.556863,-8.017075
-12.346441,-35.642573,-36.463569,-31.572381,260.397223,-42.789563,-33.960555,-21.478050,-11.376135,-36.740597,-33.963653,6.556237,-42.396353,-14.927138,-7.842390,-14.055390,109.130556,16.643137,-17.077501
-9.939986,-18.607187,-28.918288,-27.269093,262.566064,-49.780270,-36.091478,-23.336690,-1.569833,-26.765316,-28.540352,-0.819883,5.635630,-2.150042,-3.138430,-11.731746,21.188190,-8.486275,-12.158984
-7.241840,-41.186633,-36.497749,-30.688670,262.070329,-49.814878,-42.453803,-26.351202,-1.651011,-29.269932,-28.886061,3.667491,32.938293,8.867842,2.935332,-13.495079,16.834424,-12.094118,-7.551110
-13.999359,-43.751461,-39.018540,-30.746304,267.523415,-40.563149,-43.367056,-20.359167,-13.397467,-39.720226,-31.673335,-5.755993,-30.297780,-28.922652,-7.242008,-11.962463,109.351934,25.537255,-1.493568
-23.041794,-28.026490,-29.106279,-26.558282,265.788342,-40.297826,-43.336614,-20.627329,-5.758618,-31.839322,-27.956970,-2.951385,-7.498116,-14.177844,-1.896864,-11.253834,57.180545,-2.305882,-6.204990
-13.586130,-35.362570,-33.549706,-28.940459,267.647349,-37.206226,-26.339971,-16.660380,-11.684611,-37.194018,-33.423484,3.527260,-33.480934,-24.042466,-4.677272,-10.710002,98.688899,-23.247059,0.335775
-10.912291,-37.714595,-32.772107,-30.016281,264.425071,-40.009430,-30.977264,-21.589014,-10.052934,-34.214389,-31.370840,-2.222187,-28.473289,-16.438758,-4.251759,-8.658274,51.184894,26.933333,-2.770657
-5.831998,-35.496971,-32.473030,-31.188159,261.884428,-40.724651,-31.870222,-20.294438,-10.369528,-35.617838,-32.083864,2.040818,-38.617975,-19.872480,-5.738140,-14.030671,78.727993,24.690196,-13.039139
-13.245823,-36.997787,-35.497978,-31.572381,263.495567,-44.127718,-32.093462,-20.081758,-14.249836,-37.280385,-31.802976,0.273915,-19.104982,-20.094011,-4.129351,-9.886015,70.703044,15.011765,0.801740
-19.103960,-34.925765,-32.669566,-30.534981,261.884428,-51.510643,-40.860685,-26.277226,-6.960052,-28.406271,-26.163607,-6.513237,29.625742,10.340368,4.748135,-8.205081,30.762783,-28.815686,3.701076
-12.030442,-34.421759,-29.789883,-22.408682,277.438117,-39.017350,-29.647974,-13.063310,-9.216800,-29.485847,-23.441154,-7.102205,-27.929824,4.469810,6.625055,-2.799725,32.865873,-38.086275,-2.822431
-27.733165,-35.564172,-32.071412,-26.481437,272.356832,-50.726207,-40.130083,-21.367086,-7.901717,-30.694972,-28.929274,-9.205661,15.909712,-5.160250,-2.648798,-8.963149,46.775784,-0.156863,-7.188693
-21.388876,-33.592950,-31.507439,-28.287282,269.134554,-50.160952,-38.719615,-22.966812,-9.533394,-29.680171,-30.722637,-19.779034,-7.485176,-17.878706,-11.234836,-11.039597,67.585306,40.941176,-13.591394
-3.304005,-37.759396,-31.926146,-24.848493,274.897475,-39.697963,-31.677424,-14.940444,-13.283818,-33.674601,-28.950881,5.658762,-47.792187,-32.923232,-7.527626,-5.700160,38.787732,47.011765,-12.158984
-0.897551,-27.343282,-28.961013,-28.440970,264.363104,-41.082261,-30.195926,-18.315587,-7.154879,-31.968872,-29.383017,9.332799,-12.182269,-30.075914,-5.359258,-11.838865,54.191943,-19.200000,-5.359350
-12.686748,-35.429770,-35.121996,-31.322637,268.143084,-34.622202,-32.945830,-17.575830,-14.282307,-35.531472,-31.176379,-13.160159,-43.690318,-20.517525,-8.629297,-7.059739,68.489265,30.258824,6.962829
-12.079057,-38.633005,-36.771191,-30.169970,269.258488,-42.604990,-37.532387,-17.150469,-13.283818,-38.122454,-33.272236,0.947021,-30.427176,-26.270802,-9.247166,-7.084459,67.898924,25.913725,8.723140
-20.149187,-27.399283,-34.310216,-27.691737,268.390951,-44.589151,-35.990005,-16.031586,-12.796750,-35.358740,-29.555871,-7.046113,-28.861479,-16.718929,-2.899443,-8.971389,89.833783,-6.807843,-2.995010
-23.479332,-35.989776,-37.506065,-29.689693,269.630289,-42.293523,-37.359884,-18.334081,-15.516213,-35.164416,-27.611261,-13.861311,-28.874418,-8.698222,3.413306,-6.161593,67.290135,13.631373,6.652186
-11.811673,-33.088945,-32.361944,-27.326726,268.019150,-45.373587,-37.410620,-18.130648,-8.924559,-31.450675,-28.475532,-13.440620,-5.143099,-25.378164,-5.720653,-9.012589,53.896773,9.035294,2.165118
-21.972259,-38.868208,-35.617609,-32.840314,264.115236,-52.041291,-45.000763,-25.084367,-4.808835,-25.534600,-29.469444,-14.562463,61.948989,13.689387,-1.500496,-11.937743,-4.915953,13.709804,-9.225132
-15.384894,-39.865019,-29.542077,-26.519860,271.675196,-36.179538,-33.057450,-14.968185,-7.771832,-25.275502,-25.990753,-0.679652,-29.094392,-7.974990,-0.358022,-5.527123,20.616297,5.317647,0.732708
-16.259968,-36.180179,-28.926833,-23.945571,277.066316,-29.707942,-33.300984,-14.172946,-15.605509,-31.234760,-25.472190,-3.063569,-83.285649,-44.468879,-6.455100,-2.231174,130.198352,-17.035294,4.236072
-17.159350,-46.506691,-34.711833,-29.862593,271.117494,-44.612222,-37.796216,-20.497871,-14.517723,-29.529030,-26.185214,-10.495781,-14.278492,-7.245243,3.261753,-6.787823,64.338430,-2.619608,4.218814
-16.940581,-40.469825,-31.456168,-28.344915,267.895216,-45.315908,-41.347753,-21.043442,-13.040284,-30.846113,-28.129824,-9.401984,-30.776547,-17.103349,-2.054246,-10.965438,53.675395,42.258824,3.493980
-15.068894,-32.573739,-35.626154,-34.780636,261.884428,-46.457954,-47.507134,-31.788418,-9.233036,-31.429084,-32.624033,-12.823606,16.375540,-8.782925,-6.583337,-16.024720,70.204944,15.984314,-3.064042
-14.145205,-33.122545,-32.968643,-29.267048,273.100435,-44.750652,-36.121920,-18.509773,-7.138643,-29.097200,-28.151431,-16.974426,-9.982528,1.036088,-1.168246,-8.312200,34.968963,1.192157,-0.458091
-20.392264,-28.967300,-30.815290,-27.595682,274.835508,-41.416800,-36.000153,-17.788510,-9.874342,-31.796139,-26.293248,-7.158297,-28.796780,-19.338201,-3.966140,-7.957885,49.911971,13.819608,-0.302770
-13.245823,-36.068177,-34.669108,-29.094148,271.055528,-38.763561,-31.383154,-17.104234,-15.573037,-32.422293,-26.314855,-2.867247,-32.562219,-25.560601,-3.511482,-9.037308,77.510414,-4.141176,3.856397
-15.579355,-44.109865,-34.250401,-28.383337,269.878157,-41.555230,-37.471504,-16.928542,-18.836393,-30.112001,-23.225086,-7.018067,-55.504219,-16.503914,9.597818,-4.727855,65.722042,14.352941,14.815198
-16.381506,-38.767407,-35.361257,-32.360037,265.850309,-44.923690,-42.047913,-24.298375,-13.584176,-31.925689,-27.740902,-5.054841,-17.642802,-13.858579,0.936004,-11.789425,49.395422,37.709804,1.940764
-23.965484,-29.975311,-35.369802,-29.766537,272.046998,-42.431952,-33.706874,-17.538842,-11.952499,-35.617838,-31.500481,-3.904952,-22.262257,-21.045289,-10.506218,-11.731746,65.519112,20.454902,3.373175
-17.937194,-28.720897,-31.097276,-27.538048,268.205051,-40.228611,-36.680018,-19.961547,-12.658747,-32.422293,-28.237858,-10.299458,-24.449058,-12.333928,-4.479088,-12.662852,55.520211,21.050980,-4.945159
-6.536919,-37.445792,-28.371405,-22.543160,272.728634,-31.265278,-30.561227,-12.804395,-12.950988,-32.810941,-25.169696,-12.991882,-20.981231,-26.987518,-7.685008,-10.866560,63.286885,2.698039,-18.630716
-17.596887,-42.093843,-28.644846,-21.524971,273.038468,-34.679881,-32.834211,-15.180865,-17.992142,-32.854124,-23.808469,-15.740398,-27.489876,-16.386633,-0.748562,-8.946670,64.578256,-2.196078,1.233188
-24.913481,-33.469749,-28.849928,-25.520882,268.267018,-35.302815,-35.502937,-20.719799,-15.524331,-31.342718,-25.623438,-11.533486,-11.185916,-6.723995,-1.966812,-12.860609,43.215290,9.364706,0.318517
-23.673793,-30.680919,-30.259861,-23.350027,275.331243,-32.476539,-31.941253,-15.449027,-11.392370,-30.198367,-25.320943,-10.187274,7.563638,-7.382071,-1.051667,-9.127947,31.777432,-32.031373,-0.043900
-16.016892,-46.092287,-34.190585,-26.654337,268.205051,-41.174548,-40.495384,-23.133257,-14.615137,-27.996033,-24.845594,-18.264546,10.073930,24.687724,7.790845,-13.099565,26.150744,-2.917647,-7.292241
-7.436301,-42.004242,-34.634928,-25.117449,272.170932,-29.927123,-26.806744,-9.410758,-18.641566,-36.848554,-26.876631,-2.025864,-41.102388,-24.127169,-10.156481,-14.195468,57.863127,29.709804,-10.329641
-7.168917,-35.149767,-30.268406,-17.682750,282.643336,-29.108080,-19.693523,2.286656,-25.598520,-41.749828,-24.672740,-7.466804,-91.877577,-61.142306,-8.949889,-4.513619,90.239643,17.756863,12.243763
-20.149187,-41.242634,-30.618753,-20.487572,279.297124,-38.498238,-30.053864,-4.981460,-19.948531,-34.624628,-24.888808,-20.985016,-29.987228,-18.934234,-3.983627,-6.688945,55.464866,10.258824,1.215930
-18.569192,-43.146654,-33.558251,-21.717082,280.784329,-35.752712,-29.110170,-5.693477,-15.873396,-32.573434,-25.277729,-15.067292,-3.642100,-5.648920,-2.800351,-5.246967,31.187091,-20.219608,2.044312
-15.749508,-41.948241,-30.140230,-20.372305,278.925322,-33.180224,-30.591669,-7.191485,-20.768429,-34.322347,-23.527581,-18.516960,-64.536095,-13.865095,6.409384,0.389105,75.554910,-18.980392,12.502632
-22.385489,-36.818585,-30.217136,-21.601816,277.809918,-39.813321,-28.257801,-6.350011,-19.729351,-35.250782,-24.521492,-13.580850,-39.769604,-8.978393,5.482582,-0.937514,43.270634,-14.839216,16.627283
-21.704875,-39.092210,-32.746471,-25.732204,272.418799,-43.054887,-31.342565,-13.599634,-19.469581,-35.661021,-25.753079,-13.917403,5.273320,4.554513,11.259068,-6.565347,1.965209,0.705882,12.588922
-23.698100,-42.956252,-37.446250,-32.360037,263.433600,-47.092424,-40.404059,-21.690730,-23.715190,-40.972534,-32.753674,-18.012131,-3.344488,-8.339864,-3.849561,-17.664454,73.802335,56.470588,0.663676
-12.151980,-34.925765,-35.173266,-25.347982,275.703044,-30.988418,-34.011292,-11.972168,-22.814115,-44.491951,-33.250629,-9.654398,-33.804425,-44.188708,-19.616861,-11.360952,82.436072,37.317647,8.412497
-9.988602,-35.788174,-32.985733,-20.948638,276.508614,-25.451225,-35.939269,-12.425269,-14.225483,-36.416724,-26.552529,-9.317845,-22.676326,-16.979553,-2.806180,-7.578851,34.618448,-0.407843,-0.527123
-13.829206,-42.295445,-39.360342,-26.961715,271.241428,-36.502541,-33.331426,-16.863813,-19.680644,-37.906538,-29.296590,-11.140841,-33.170382,2.000397,7.108858,-9.581140,42.440467,21.207843,6.065415
-20.076265,-33.716152,-40.120851,-30.477348,270.249958,-31.438315,-34.356298,-19.092332,-23.382361,-42.116884,-32.386358,-7.719219,-25.988876,-18.869078,-3.056825,-9.638819,84.317784,10.886275,7.083635
-20.416571,-22.482429,-35.967956,-29.785748,267.089647,-44.900618,-36.304570,-22.504463,-17.009888,-34.797360,-26.984665,-14.702693,-10.474235,-2.215198,4.229358,-11.187915,71.182696,-11.152941,-1.510826
-10.523369,-23.658442,-37.309529,-28.825193,272.046998,-41.186084,-30.327840,-16.660380,-21.377264,-38.942931,-29.318196,-6.990021,-43.664439,-13.278691,2.509819,-10.289769,63.784985,12.517647,1.612863
-18.471962,-31.632929,-36.566110,-27.249882,272.480766,-33.780087,-31.778897,-14.866468,-22.302693,-39.158846,-30.009613,-3.287938,-43.172732,-23.006485,-6.373495,-9.506981,85.147951,5.615686,8.015564
-22.895949,-36.930587,-36.719921,-28.133593,269.010620,-30.503914,-29.658122,-20.636576,-20.451835,-38.403143,-29.923186,-14.702693,-22.223438,-15.669917,-0.497917,-9.886015,40.540307,41.694118,6.082673
